173086
15295
15236
11603
4405
2592
10508
10508
171271
171267
16861
171269
82800
82800
82800
82800
10190
82800
11603
82800
82800
82800
82800
15324
82800
16802
82800
82800
16851
10185
82800
82800
82800
82800
12035
82800
82800
4338
82800
82800
82800
82800
82800
82800
82800
82800
82800
8492
82775
48126
29902
29363
171267
171270
170554
168586
124101
82800
82800
82800
82800
82800
82800
82800
82800
82800
82800
82800
82800
82800
82800
82800
82800
82800
82800
82800
82800
82800
82800
82800
82800
82800
82800
82800
82800
82800
82800
82800
82800
82800
82800
82800
82800
82800
82800
82800
82800
82800
82800
82800
82800
82800
82800
82800
82800
82800
82800
82800
82800
82800
82800
82800
82800
82800
82800
82800
82800
82800
82800
82800
82800
82800
82800
82800
82800
82800
82800
82800
82800
82800
82800
82800
82800
82800
82800
82800
82800
82800
82800
82800
82800
82800
82800
82800
82800
82800
82800
82800
82800
82800
82800
82800
82800
82800
82800
82800
29425
30809
47628
82800
82800
82800
82800
82800
82800
47635
82800
82800
82800
82800
82800
47654
82800
82800
82800
82800
82800
82800
82800
82800
47655
82800
47655
82800
82800
82800
82800
82800
82800
82800
82800
82800
82800
82800
82800
82800
82800
82800
82800
171267
179315
154989
11291
160059
160059
152547
152544
152548
42459
147429
82800
82800
80588
62780
49084
82800
160710
175924
162022
160399
82800
82800
82800
160398
160400
24246
82800
17716
160712
82800
82800
163569
38089
45768
43350
82800
174327
87881
135479
171292
171274
183823
178945
176968
178951
177776
173102
60224
82800
184807
82800
173075
82800
82800
35622
82800
82800
82800
82800
82800
82800
82800
82800
82800
168583
82800
24303
23117
82800
82800
82800
82800
82800
45098
45099
179314
2836
82800
82800
82800
82800
82800
82800
82800
5498
2771
179315
172050
173032
168586
171446
82800
82800
82800
169701
76061
140587
179992
82800
82800
82800
178927
178927
82800
6217
6217
6217
6217
6217
6217
6217
6217
6217
6217
6217
31892
10940
171829
38682
171831
184480
184480
184480
184480
184480
172437
172439
172364
172363
172361
172367
172366
173127
177660
172408
177659
152496
82800
82800
82800
82800
82800
82800
82800
109076
173173
32656
2244
4437
78333
94591
18702
78273
116144
2807
16112
118894
14799
12783
87433
78262
13310
43611
12796
21547
42177
37749
67099
55355
66641
23637
55334
15761
9719
87463
8226
14133
29727
14510
25261
15733
31199
22282
811
16247
29729
16716
31185
1927
32381
10021
78326
1446
10331
8400
5485
16113
14107
87432
18360
16254
13495
178927
33954
51958
45859
8399
5608
23629
23621
15527
162115
8402
87455
12828
37813
78263
20670
20295
78315
18698
82800
173032
178787
172252
172234
9313
77589
6529
34498
34498
153633
182121
153620
179309
179307
171263
161153
169701
158204
154167
154166
151608
142406
139175
133714
127841
127834
120257
118391
118006
110294
110289
109184
2678
168645
168303
102351
142401
82800
82800
169334
169333
168217
168216
163701
163700
163698
163691
161053
147870
82800
147869
141446
128540
153439
153435
173243
173243
173243
173243
173243
173243
153434
153431
153430
177801
82800
12365
22202
12655
24477
1203
10261
15239
182978
86272
82800
25323
82800
25023
177775
171377
177798
24911
177798
109119
109118
24910
41163
171841
171446
171831
171829
82800
176796
177815
176975
176777
176787
176803
176772
175561
177797
177799
179334
179332
177799
177799
175546
128794
31197
175563
50452
45274
179329
177781
176786
176795
173147
173147
172367
16828
182990
16819
19183
184781
16806
16806
16806
16806
16799
16799
16827
153708
16861
16857
16857
24963
172406
25054
177660
25225
24667
25057
24687
129022
24685
24691
25025
25309
172232
82800
25225
82800
82800
25099
82800
82800
82800
82800
82800
82800
25028
25028
82800
82800
25024
82800
82800
82800
82800
82800
16817
82800
82800
10160
82800
82800
82800
13040
82800
82800
82800
82800
82800
82800
71951
71951
87526
130154
82800
82800
82800
82800
82800
82800
82800
82800
82800
82800
82800
82800
82800
82800
82800
82800
82800
82800
82800
82800
82800
82800
82800
82800
154167
82800
154167
82800
82800
82800
82800
82800
183035
172048
172048
13135
21877
173204
180457
173202
172049
121225
178926
178926
171831
152494
173204
10286
109129
109128
109624
109126
109124
109125
3820
2450
2452
2453
785
765
170554
169701
4625
3819
153494
109253
109253
171315
109253
153490
153510
158380
153597
118007
169701
118007
118007
124110
177061
82800
82800
82800
2772
1705
2077
184791
6587
6393
1210
7079
5498
3210
2771
6595
4306
2592
2453
2589
3042
8153
82800
3355
3356
173202
168589
169701
171315
82800
82800
86281
86382
177771
50450
176969
176971
50449
50444
176782
176792
182557
31292
177779
177773
182690
182690
177774
177813
177806
176783
176799
176984
177810
175561
180865
180795
171380
171380
171380
82800
183418
173218
173218
173218
173219
173219
173221
173221
173221
173221
173216
173216
173222
173222
173220
173220
173217
173214
173214
173217
173193
173193
173198
173199
179334
177793
177767
177809
172327
172327
172327
172327
173246
173246
173246
173246
173246
172315
172315
172315
172315
172315
172315
172315
172315
172315
172315
172315
172315
172315
172315
172315
173243
173243
173243
173243
173243
172329
173249
173249
173249
173249
173249
173244
173244
173244
173244
173244
111245
46376
36924
44554
44554
36933
10938
41511
42253
41510
3577
37663
43013
35627
35624
168583
109076
34055
37703
15871
34057
41163
172232
171315
170554
168586
169701
171829
172231
171268
171437
173089
173091
173092
173093
173094
173095
173098
173099
173100
173075
173076
173074
173083
173084
173085
173163
173056
43115
43117
129100
82800
82800
82800
172329
172329
72095
171829
109076
1973
171276
171269
171268
171266
171271
171370
176811
169422
37704
82800
82800
82800
184480
82800
82800
82800
82800
82800
82800
82800
82800
172439
178787
82800
82800
82800
82800
171412
171412
171412
171412
171412
171412
171412
171412
171412
171416
171416
171416
171416
171416
171416
171416
171416
171412
171412
171412
171412
171412
171412
171412
171412
171412
171412
171412
180457
184789
173202
173202
124438
124113
124113
124113
124439
171416
138791
172418
172419
172412
172363
172410
172415
172232
171831
171829
39505
39505
39505
39505
39505
39505
39505
39505
39505
39505
39505
39505
39505
39505
39505
39505
39505
39505
39505
39505
39505
39505
39505
39505
39505
39505
39505
39505
39505
39505
39505
39505
39505
39505
39505
39505
39505
39505
39505
39505
166664
173043
173245
173245
173245
173249
173249
173249
173249
173249
173249
173247
173249
173241
173241
90722
173202
173204
170554
168589
173202
168583
173242
173242
173242
173242
173242
173242
173242
173242
173242
173242
173242
173242
173242
173242
173242
173242
173242
173202
82800
82800
173204
82800
29958
10360
151633
151569
172250
172250
172262
172259
172259
172259
172259
172259
172259
172265
171831
173202
172094
21877
173204
173202
172232
74252
173033
173032
154123
173204
172061
173204
171263
176811
183823
171264
94592
171301
171412
169701
152507
171412
14413
14760
14280
81993
15323
14839
15668
13105
5213
24669
106620
24910
15584
14242
13129
15597
15249
14774
55502
1639
13116
14910
14965
1608
36033
15613
5216
14262
24665
14240
15212
6440
116711
36272
14835
14919
2072
15253
15258
14603
14279
14956
14591
15603
14946
25022
821
15287
15372
15153
24797
6581
36388
106531
14322
36391
15177
24862
55539
14440
14412
14605
3430
14908
36270
15594
14953
15261
14773
15252
14309
116543
87487
10182
1625
1207
1640
13012
15227
24649
1613
15565
15596
15612
2034
24798
24947
14422
14832
4072
14246
14769
36666
24621
25221
14781
10373
15652
15977
14841
24911
55314
36497
55511
15360
9910
14245
10187
36134
15169
10136
10272
14606
15236
36039
14329
14207
15620
18296
36148
36457
25214
24726
15245
9967
14600
14662
14333
92741
82245
82242
10077
82284
108326
108324
52983
53038
80433
169701
168589
108343
108341
12365
10620
36159
178149
6395
1486
15614
36379
9824
36664
15220
31150
25263
15155
36638
36708
36161
106661
14459
69800
54472
36470
25298
14263
24837
6394
81992
106499
14917
36392
25194
14654
12008
36063
9837
82242
6389
36049
15593
14179
15157
14939
6613
14162
41519
15242
36542
8183
36540
4037
25154
14462
24997
24996
36389
14260
36059
15193
25098
36332
14297
24967
3047
25187
14941
3049
4707
82255
6590
37760
4576
36394
12013
41520
36160
36271
81991
106603
36023
36251
36363
36361
3197
11992
9820
24822
24636
2077
36569
81971
24732
13100
37824
24866
11997
9385
36020
15150
116471
4999
25232
6614
39235
6388
14430
2100
6603
25045
14968
36677
14436
36275
4088
37780
2819
36692
25178
25177
14247
14223
15622
36484
24817
36598
24658
14257
14794
14943
3206
36150
25336
24838
36625
94052
171276
82800
82800
176811
174283
171266
124671
109219
173202
82800
82800
171268
82800
82800
71809
76061
65365
41803
53064
53069
36933
31906
31892
87419
14596
36279
36678
15569
82031
36027
36142
36165
36909
15625
15358
22573
14224
36168
5215
36269
15371
15504
14292
36511
36284
168419
36050
24946
36157
36596
36133
14133
109991
127759
15591
9897
3858
15643
36581
15144
11974
158378
120140
15687
36623
36256
7472
36707
14435
15981
111245
14594
36582
36042
15676
14604
15605
24644
7486
36267
36178
37793
36167
172232
55053
163576
82800
82800
177715
82800
82800
82800
172411
82800
183738
86279
172367
30324
172360
168583
172357
172358
172359
171416
72238
72093
72237
177660
76134
22578
76136
72163
128499
76137
172061
36909
172061
172061
176811
176811
171263
171263
87641
177659
90719
6657
173249
173249
173249
177962
172363
173248
171270
184786
82800
82800
170554
174283
172323
171266
124107
72238
36922
172322
172322
172322
173204
172231
172318
172318
172318
172318
82800
82800
82800
82800
82800
82800
82800
82800
82800
82800
21877
156930
52555
172232
172231
173204
14574
15129
8186
15516
14580
3210
3186
15135
2997
184479
184479
184479
184479
76660
76131
93705
167738
173204
173202
173218
173218
173218
173218
173221
36906
42253
36905
38933
33470
43013
153713
53010
153714
153715
153710
82800
82800
82800
82800
82800
76061
82800
55333
55441
55484
82800
172094
172094
8272
15624
36681
15178
36390
36037
15160
36249
24888
82244
9916
14220
10375
36277
36250
82264
10198
82073
82005
15244
36144
24666
10064
36378
25004
10168
24661
6543
36036
2990
10110
36057
14217
3036
36274
864
36382
15936
14831
8128
15225
14419
3187
36278
36158
36051
36044
14212
36164
25096
10172
15375
36281
15324
36524
9950
9779
3195
3645
15128
8188
36555
10179
10201
9958
14210
41554
8286
36038
9936
14173
8112
25025
25005
55749
41544
15978
10082
10144
25001
9956
36153
7527
15606
15216
14588
3045
15369
9959
36131
15262
7494
36155
9873
36680
36261
24668
6538
36047
36030
2164
14225
8247
2912
10383
6583
8317
10085
3211
13031
82290
9291
14416
82267
14414
41555
36276
13045
15248
36667
36035
15279
36170
2973
36043
36268
8319
24663
14253
6540
36413
36254
25026
10093
10104
9870
10242
15553
82199
8111
10107
9786
2982
10121
172366
172232
172367
172415
173202
172366
154899
154898
62784
62778
62791
27682
27678
128311
12207
12037
3712
173147
173147
173147
53010
173147
173147
173147
173147
173132
173132
4338
4306
172419
182982
177962
7909
172406
7910
169701
173202
137686
178926
172317
169701
170554
168586
168583
167738
159959
76061
167738
159959
167738
167738
183950
151256
12655
172346
21877
183952
4306
173041
173859
4338
111245
1608
32249
151721
32228
32229
124461
32230
32231
124120
32227
8138
12799
173049
34664
21877
82800
151722
82800
130177
151579
82800
151719
130179
130182
10286
171285
151718
171286
173202
45087
180457
82800
130178
172232
82800
130183
130181
130173
130176
130174
172364
172361
172363
172370
2997
183035
82800
152876
72234
7075
74834
116642
109118
53069
82800
22577
3357
7067
7068
22576
12803
82800
82800
3857
82800
5498
7077
7070
173204
21842
172094
41511
39341
2996
22576
22457
22787
69237
82800
22790
24479
39340
177962
82800
30183
172364
82800
172361
82800
168446
82800
168447
176975
82800
178943
177804
159505
82800
159514
179323
172327
177802
82800
177772
176794
36037
168449
82800
22791
82800
82800
8150
6557
36908
17011
2452
4337
172232
172231
170554
172317
173244
173244
173244
171285
173249
173249
173249
173249
173249
173249
173249
173249
173249
173249
173249
173249
82800
82800
82800
171829
173110
172062
140363
140363
140363
140363
140363
140363
140363
140363
140363
172321
82800
172042
167183
82800
180318
82800
82800
172231
82800
82800
82800
82800
4335
4335
167184
163225
168586
128310
82800
82800
82800
82800
171270
38347
38347
38347
173202
38347
152541
82800
167191
167191
128314
82800
82800
82800
82800
82800
82800
82800
82800
82800
44922
172043
6591
10379
3201
6399
7413
6601
9796
6615
9797
3656
4036
6393
9795
3041
9822
10247
9490
15273
10266
4714
6600
9799
10378
2072
4713
5108
9327
94263
98602
19048
71993
19164
31370
23519
11606
75118
41346
20551
7941
93534
98616
82973
82975
55063
116454
12420
93544
55069
82924
12796
93547
23494
23514
41388
7947
94584
70158
94581
47591
12641
82948
2850
67602
49902
49904
116427
12624
17704
41383
94582
55068
94583
42729
45085
94264
23489
12636
17015
12797
82964
82926
98843
22384
20039
22763
55065
55059
55028
82970
98611
98929
55052
3855
55027
23503
22195
55070
31369
12639
17193
75135
94268
22577
172233
171270
93569
93491
43591
43459
85802
43437
6709
98820
98899
98815
98909
93525
98791
98824
16984
44442
98807
56518
98841
98802
116169
85827
93495
98823
116168
75083
93588
43436
15069
15091
20479
93463
85794
93590
93466
85829
75085
85805
43262
93592
38403
98835
98799
98903
85801
85817
98806
85841
90485
15070
93576
85793
85792
85803
43434
85851
93458
47599
93467
98605
98883
98610
98901
98884
98800
85844
43255
85842
98904
85814
93570
4256
29494
93582
98831
20295
75081
116183
98906
43484
15096
98834
98797
7283
93567
98600
43271
25693
85790
75115
44931
98905
5780
93474
19044
43438
93460
93464
43435
94272
98902
98838
93584
116167
75110
85813
114230
55032
41127
40669
41117
94273
47576
116192
2312
56509
93492
85789
56495
85816
93468
85809
116176
93519
93568
22759
85787
8210
4455
75103
75080
98816
44444
98837
93585
7387
8191
43266
85830
93579
172251
172259
172259
172264
172259
172259
172256
172256
44922
172231
69237
171829
173170
173110
173110
173110
172231
82800
82800
82800
82800
82800
82800
82800
82800
82800
82800
82800
82800
82800
82800
82800
82800
82800
82800
82800
82800
82800
82800
82800
82800
82800
82800
82800
82800
82800
82800
82800
82800
82800
82800
82800
177809
180794
183971
177787
175556
175557
176968
180793
177781
173202
175568
180795
179333
176984
82800
82800
82800
82800
82800
82800
142337
12713
12713
12713
16251
16251
16251
2592
4338
22220
173145
82800
2278
154695
127856
82800
154692
82800
6661
52329
83090
67131
23321
82800
82800
76638
76638
82800
173140
173140
154697
154697
128671
82800
76639
173135
173135
173135
9787
173135
104138
82800
54449
29958
82800
82800
69877
109183
82800
82800
82800
82800
82800
82800
82800
130176
118632
153594
153594
82800
77467
82229
144393
85221
82173
43398
76653
17922
82220
82800
76695
76695
154687
82800
82800
82800
82800
82800
173194
116561
116473
29739
76665
13127
27944
43
76680
25031
55359
40767
76139
94054
76700
82774
82800
52378
172406
82800
82800
76692
82800
82800
109119
104104
41601
89868
140363
82800
87466
54448
36126
82800
113263
52253
82800
76734
67143
82800
82800
82800
65891
65891
82800
76690
82800
113264
82800
76693
76693
45606
168959
173129
173129
111820
82800
111666
82800
82800
172042
44982
104122
113264
67149
42363
82800
176978
82800
173140
173140
173140
139437
52326
36507
106490
41511
180794
154691
82800
82800
76694
82800
82800
82800
82800
76701
42371
173135
173135
173135
82022
82800
173123
22573
76699
82800
82800
76639
76639
76671
173137
173137
173137
173137
173137
173137
173137
60854
130174
82250
128314
82800
142265
82800
1396
82029
67749
29363
89679
81990
67141
82800
82800
82800
48120
76692
82800
94279
83088
82800
82800
82800
3036
4290
182561
173142
173142
173142
173142
113263
82438
82800
67146
55394
82800
82800
82800
104126
83087
41255
52983
59
55424
82800
139438
82800
82800
57
82800
82800
173135
82800
136972
14048
8501
154692
154692
82800
76553
76637
29903
82800
173140
76552
182982
31910
31917
31913
31912
31916
31915
18259
31911
31901
18259
31903
31904
31906
31905
31902
31899
31894
31898
31896
31893
31889
31886
31885
31884
31883
44277
44278
44279
171374
44282
44284
44285
44260
171441
44262
44263
44264
171449
44265
44267
171448
171439
112294
171379
112293
171379
112292
171379
171379
112291
171379
171379
112289
171379
112288
171378
112287
171377
172324
172324
171383
171374
118891
19227
171374
171374
19230
19231
171391
119339
16717
19233
19694
152089
19276
31179
36638
19278
15941
164555
164555
19279
37817
19280
19281
118823
141567
19282
55550
19283
119347
19268
169286
163959
163959
163959
19269
19270
146666
87477
19271
55757
19272
16697
19273
163941
163941
163941
19275
147038
19258
44254
19259
16710
16710
16710
19260
16714
16714
16714
16714
19261
16692
16692
19263
16702
19264
19265
153606
153628
153629
153630
153632
153633
153634
112278
112277
112274
112275
112273
112272
104224
112271
171415
171415
112302
13034
112301
180445
112300
112299
112297
112296
112295
173076
173077
112286
112285
112283
112282
112281
172316
112280
112279
172329
172329
172329
173241
173246
173248
173248
173248
173248
172322
172322
173245
179593
184783
178927
171419
183010
184778
173059
173058
175970
168586
168583
170554
22577
172231
172232
172092
124106
133680
151565
152505
124106
109124
152511
152509
172092
109124
152507
124104
152506
174353
168303
168645
127759
154899
124109
124118
124111
142336
124108
124107
154899
168302
21877
124437
110609
168191
124121
124121
154124
153050
133607
177793
175570
171276
171276
163576
163575
90655
31901
128304
124104
82800
82800
82800
82800
82800
82800
82800
173123
109153
173124
82800
82800
82800
82800
82800
82800
82800
82800
82800
82800
82800
82800
82800
82800
173057
173056
82800
82800
173121
163131
182719
27944
27944
109171
77527
4372
109168
109174
4369
82800
82800
82800
82800
82800
82800
82800
82800
82800
82800
82800
113131
79339
43655
62233
79333
43660
25191
15177
14604
4832
30753
24732
13145
24806
14816
14795
15620
36692
14263
15943
14268
15991
14797
15175
14277
14309
14970
24862
14449
67071
31140
36524
14867
13006
10218
25095
14441
13101
82164
172363
172363
183738
172408
15941
94089
172408
14301
67146
14662
172408
184778
173249
173249
173249
173249
173249
173249
173249
173249
173249
173249
173249
173249
173249
173249
173249
173249
173248
173248
173248
173248
173248
173248
173248
173248
173248
173248
173248
173248
173248
173248
173248
173248
173248
173248
173248
173248
173248
173248
173248
173248
173248
173248
173248
173248
173246
173246
173246
173246
173246
173246
173246
173246
173246
173246
173246
173246
173246
173246
60223
60223
55459
173246
173246
173246
55620
171380
171380
173246
173246
173246
173246
173246
173246
173246
173246
173246
173246
173242
173242
173242
173242
173242
173242
173242
173242
173242
173242
173242
173242
173242
82800
82800
82800
82800
82800
171376
171376
171378
171378
171378
171378
171378
82028
171375
171377
171377
171377
171377
171377
171379
171379
128539
128547
129021
152875
171379
171379
171379
171379
171379
171379
7069
124107
124120
139417
171392
171392
171392
171392
137287
139339
171390
171390
171376
171376
171383
171383
171383
171383
171383
171383
95416
172437
128315
3829
10593
163575
72145
173134
173134
173134
173134
173091
171412
171412
171412
171412
171412
171412
171412
171412
172322
171412
171412
171412
171412
172322
172322
171412
171412
171412
171412
171412
173143
177809
179329
173143
173143
173143
177801
176793
176794
177791
177787
175555
177779
176979
38558
52720
175567
171444
175549
175562
82800
82800
82800
173033
173032
108996
127704
82800
71953
129218
153431
2772
151652
153635
71635
128770
71715
129217
116756
112059
112059
112059
154695
168645
23083
116804
118472
82800
71637
23426
132517
128314
71638
71636
129216
71952
127748
81055
171841
171831
171829
111665
183013
76136
82800
82800
183035
82800
82800
82800
82800
82800
82800
82800
82800
71636
71635
71637
71638
159787
173074
160502
33470
52979
172042
133607
27422
182725
177815
179333
179323
138792
118414
82800
172094
172092
124437
173204
124120
82800
82800
82800
82800
82800
82800
82800
82800
82800
82800
82800
82800
82800
82800
82800
82800
82800
82800
82800
82800
82800
82800
82800
82800
82800
82800
82800
82800
82800
82800
82800
82800
82800
82800
82800
82800
82800
82800
172232
82800
82800
82800
82800
82800
82800
82800
82800
82800
82800
82800
82800
82800
82800
82800
82800
82800
82800
82800
82800
173145
173145
173145
173145
173146
173146
173144
183616
182725
176770
175564
183017
172265
172262
172256
172256
172247
173248
172237
172237
172234
172234
160138
160125
159167
154151
154149
154146
154141
179323
176803
22577
172350
172350
171275
172350
173075
172349
172349
171268
154162
173108
171829
173032
173248
173248
173248
173248
173248
173248
173248
173248
173248
173248
173248
173248
173248
173248
173248
173248
108324
173248
173248
173248
173248
173248
173248
173248
173248
173248
173248
173248
163222
153512
173248
159595
173248
173168
180457
173032
82206
121248
82283
55493
68972
55529
55575
52983
86283
86283
55369
82276
124104
124102
124101
127850
173129
171448
171443
171444
171444
171449
82800
82800
183031
171444
171444
171444
171444
173126
173124
173125
171275
171349
170554
173128
24477
52721
74247
21877
24478
116794
116794
172048
172046
171831
173032
172094
172092
171841
172325
173162
22449
153707
60216
167738
172094
172366
172233
172233
172233
172366
82800
9490
173077
9487
8226
13041
82800
82800
177660
172359
172321
172321
168589
171833
173245
171833
173245
173245
171315
172043
171830
170554
171831
171828
171829
171828
171830
171315
172317
178953
178946
176794
177798
177796
176990
176989
176764
172265
172264
172259
172259
172239
172237
172234
9313
172411
76088
76087
152497
95373
9262
85506
79869
172264
79868
7971
172264
7909
79011
76135
76134
74866
172256
74865
173099
172251
173098
173089
173077
14343
109141
11754
18562
109136
23424
25649
2838
52194
36917
74248
173147
173145
173147
173074
173092
173090
173204
172048
172232
173204
172044
171301
171286
162515
152549
152875
152875
152545
82800
82800
82800
82800
82800
12693
82800
82800
82800
82800
82800
82800
82800
82800
82800
82800
82800
82800
82800
82800
82800
82800
82800
82800
82800
82800
82800
82800
82800
82800
82800
82800
82800
82800
82800
82800
82800
82800
82800
82800
82800
82800
82800
82800
82800
82800
82800
82800
29739
173220
173220
17011
82800
172092
172094
171831
171829
153594
153594
153594
153594
153594
153594
153594
153594
153594
153594
72234
74248
76061
72238
72093
173043
102543
171449
171449
171449
171449
171437
102541
171439
173038
102542
173033
173032
172232
173244
173244
173244
173244
173244
173244
173032
173033
171287
172232
172063
173204
171840
173241
173241
173241
173241
173241
173241
173241
173241
173241
173241
173241
173241
173244
173249
184792
171267
171315
169701
168589
173204
172322
171841
154884
166344
154891
32897
173244
173244
173244
173244
168586
170554
173102
4829
4829
173103
93503
114817
98767
93429
14138
75093
43584
14146
94278
93438
14144
16979
82397
41546
98826
49892
93607
82438
14107
10042
41525
41549
4332
45557
20537
93608
93557
19056
4321
98827
45626
98765
41550
31910
79298
79284
79288
31912
31916
31915
31911
31901
79309
79312
79314
31903
31906
31905
31902
128732
153616
31899
153618
31894
31898
31896
31893
31882
31889
44286
31885
31884
31887
31886
31883
173086
173099
173103
128741
128740
61996
62001
62002
62003
19278
44269
44270
44271
44275
44273
62006
19268
19269
19270
19271
62007
19273
62011
19258
19259
19260
19261
79295
19263
19264
19265
82800
44278
82800
44279
44282
44284
44260
112293
112291
112288
112287
172364
44287
172408
44288
44289
183738
44292
44293
62012
172437
62013
62019
171437
79301
79305
79306
128770
128770
153627
153607
153611
90655
153609
153613
171301
153624
48933
48933
48933
48933
48933
48933
48933
130904
79292
21869
82404
43583
13860
21868
172363
172368
158379
171828
172406
172934
172415
184480
184480
184480
184480
184480
184480
184480
184480
184480
184480
184480
184480
184480
184480
184480
184480
184480
184480
184480
184480
172936
171269
172062
172051
172935
32737
32737
32737
180055
31904
21882
171840
173202
171829
168586
173130
32428
22576
22457
21885
52977
25699
25649
171829
172231
171833
172230
173204
171830
21887
124437
21877
43465
32249
32231
32230
32229
82800
82800
82800
32228
82800
32227
82800
82800
82800
82800
82800
82800
82800
82800
82800
32749
82800
82800
82800
82800
82800
82800
82800
82800
82800
82800
82800
32747
82800
82800
82800
82800
82800
82800
32745
82800
82800
82800
82800
82800
82800
82800
82800
82800
82800
82800
82800
82800
82800
32897
82800
82800
82800
82800
82800
82800
82800
82800
82800
82800
82800
82800
82800
82800
179323
179319
178948
176793
159516
182725
177815
177799
177793
177780
177776
177771
177770
177767
176779
176767
175573
175561
175555
175551
175544
23524
31254
172254
172254
172251
172251
172239
172239
16249
172236
172236
106646
22220
172934
22222
142335
127759
124441
6342
115504
111245
169701
184791
184778
184778
184778
184778
184787
184787
184787
184799
184799
184799
184805
184786
184786
184786
184794
184794
183017
183017
183017
184800
183010
183010
183010
184802
184802
184802
82800
184798
184797
184801
184804
183013
183013
183035
182978
182978
82800
82800
82800
82800
82800
82800
82800
82800
82800
82800
82800
82800
82800
82800
82800
82800
82800
82800
82800
82800
82800
82800
82800
82800
82800
82800
82800
82800
82800
82800
82800
138810
138810
82800
82800
82800
82800
173171
173170
152497
82800
82800
82800
82800
82800
74250
74249
82800
82800
82800
82800
82800
82800
74248
74247
171840
82800
82800
82800
82800
82800
82800
168662
75014
82800
72234
82800
82800
82800
82800
82800
82800
82800
72093
79011
21576
171270
9318
34498
21557
21574
82800
173032
82800
82800
82800
82800
82800
82800
82800
72120
82800
82800
82800
82800
82800
82800
82800
82800
82800
82800
173129
173130
173128
173127
82800
82800
82800
82800
82800
172407
177716
82800
82800
82800
82800
82800
82800
82800
82800
82800
82800
82800
82800
82800
158186
82800
82800
124121
82800
82800
82800
82800
82800
82800
152511
82800
82800
82800
82800
168185
82800
82800
82800
82800
82800
152506
72238
82800
153597
159959
152507
152509
152505
171276
177715
171351
171276
172438
173126
173128
153712
173122
177661
172358
153435
128540
172364
152875
124442
52555
152876
153703
173171
173170
171416
141577
130226
121177
121164
121124
121122
121002
130215
115807
115805
74718
44619
34068
133569
133563
133561
133557
118007
118006
114015
82800
82800
82800
111603
82800
82800
111436
82800
82800
111434
82800
111431
82800
82800
82800
82800
82800
82800
82800
82800
82800
82800
104316
82800
82800
104314
82800
82800
43400
82800
168487
82800
82800
139339
82800
82800
82800
137188
82800
82800
82800
82800
82800
179372
90146
180318
82800
85506
82800
82800
74863
82800
82800
82800
74247
179370
82800
177763
82800
43117
82800
43115
141446
179368
14343
82800
82800
124439
152496
124438
124437
124120
124118
124117
113264
113263
113261
109992
109991
109584
109135
109129
109127
109126
109125
109119
109118
108439
78348
12833
82800
82800
82800
82800
82800
82800
82800
82800
82800
82800
82800
82800
82800
82800
82800
82800
82800
82800
82800
82800
82800
82800
82800
82800
82800
82800
82800
82800
82800
82800
82800
82800
82800
82800
82800
82800
82800
82800
82800
82800
82800
82800
82800
82800
82800
82800
82800
82800
82800
82800
82800
82800
82800
82800
18359
11754
138875
116473
121274
121266
141292
34498
139890
139786
133576
133574
114015
109118
78348
78348
21371
18487
82800
82800
82800
82800
82800
82800
82800
82800
82800
82800
82800
82800
82800
82800
82800
82800
82800
82800
82800
82800
82800
82800
82800
82800
82800
82800
82800
9327
93195
118379
118378
118376
118375
173168
4291
165744
174285
58085
171278
183955
18567
165747
22788
35128
183953
127843
9313
153632
108745
172921
172921
173128
72234
72235
79010
177790
177790
177801
172328
76130
76135
171829
153438
171276
179334
95536
95536
178945
172063
172041
172061
172329
172329
178787
176775
176777
176785
176800
159572
176799
176779
182561
159164
176800
176777
176787
176784
176774
159174
159172
159474
171828
172921
171444
171444
171444
154864
82800
82800
172230
172230
82800
169701
44311
159594
87509
118784
82800
184807
173171
172052
173110
173128
173037
173108
172920
173204
173035
173126
171315
173127
172094
173171
173108
173110
173170
171830
173204
774
818
82800
173171
173108
173110
173170
82800
7081
7069
169425
7067
4500
7081
4500
164412
164345
109184
144400
94215
82800
82800
82800
82800
82800
82800
82800
82800
82800
169220
171840
171828
171315
170554
173037
172094
173035
172935
173032
173033
171840
171828
171830
173202
173204
171829
124437
6291
153686
153686
153684
153685
153685
153685
153686
153683
153684
153683
153684
67149
171418
171418
171418
10035
171828
183035
172412
173245
172368
168586
168583
172360
171315
151567
172364
172357
172406
171315
172358
169701
172359
173245
173245
173245
173245
170554
172410
169701
22572
173204
171840
173204
173051
39896
52555
82800
169701
168589
173130
40768
40768
40768
168583
173032
173108
39899
124113
158188
152545
124113
74849
124439
18945
124438
173033
171828
136637
118344
173204
173032
173033
172254
172254
182990
33154
52327
142406
167738
110609
2459
124440
52722
115504
52555
22448
52720
34056
184480
184480
184480
184480
184480
184480
172046
154887
168303
154898
182653
183823
152550
172049
172048
171351
171352
176811
171272
172451
171301
172049
172068
152503
171288
183971
180793
178948
178948
171841
177800
177767
171840
176962
176778
175571
127759
175556
171828
172327
172327
172327
172327
172327
172327
172327
172327
172327
172327
172327
172327
172327
172327
109147
176811
184778
177799
177799
177799
172059
171263
172056
172046
171351
173038
173040
173043
173042
176797
177779
179329
124671
44311
44311
44311
50379
50379
1728
172324
172324
172324
172324
172324
172324
172324
132518
132518
132518
132518
20520
164333
164333
8153
94101
94101
147428
30732
22457
94093
94093
153442
16223
104316
66994
31256
116493
116493
36332
10187
10187
94215
11226
71038
164331
116459
31340
31340
15334
44676
44676
164404
36333
126926
15065
164473
37782
3310
43586
90483
164364
76161
94096
164388
90577
87641
78340
164445
164559
31177
37811
13068
3292
24945
164428
127705
94214
141578
68601
2087
20408
20407
164399
94104
164447
164447
164407
71006
106507
90588
31155
164481
164546
9292
164472
15989
31221
48126
38513
31232
31184
14574
15479
1982
164400
164400
90570
164397
138810
5110
164465
104202
104202
10631
164474
164469
164506
164550
164551
164551
164414
164297
164517
118794
31164
4836
164444
6531
90576
4478
164419
1121
1443
116561
5739
14106
36181
15121
164549
164398
31210
44709
24935
31333
164446
164446
141582
164266
97828
31181
164470
164505
130064
15064
15336
2291
31248
23909
31235
14215
24943
31157
14796
31320
7449
14120
164501
164464
3309
164403
164401
82800
31185
31185
90576
13041
90585
90585
15556
23624
14407
14407
3067
176982
175548
172322
172322
172322
172322
82800
82800
82800
82800
82800
172437
172439
82800
82800
172368
82800
82800
172367
82800
177962
82800
82800
177716
82800
177659
82800
172360
7909
82800
82800
4306
82800
172920
3355
2452
82800
785
172920
2589
82800
172920
2592
82800
172920
82800
82800
3818
82800
2775
2772
82800
1529
82800
15223
82800
15269
82800
1210
82800
15212
82800
82800
82800
82800
82800
82800
82800
82800
82800
82800
82800
82800
82800
82800
82800
82800
82800
82800
82800
82800
82800
82800
82800
82800
82800
82800
82800
82800
82800
82800
82800
82800
82800
82800
82800
82800
82800
82800
82800
82800
82800
82800
82800
82800
82800
82800
82800
30183
82800
69237
82800
37705
82800
35622
3864
82800
2842
82800
82800
82800
82800
82800
82800
23436
82800
23439
32228
82800
32231
82800
76692
76687
82800
76560
21877
82800
82800
42780
76097
71006
128310
53010
173110
173108
22450
167861
172055
173033
172055
173033
182459
140587
9312
136569
172347
171828
169701
172320
172347
172094
173033
171832
171370
168589
173034
177062
171428
173035
171276
136712
133570
133565
133571
133562
154883
154888
154887
138789
172437
172230
173222
173220
173218
173215
171841
171829
171828
173214
172410
172230
172408
172363
17058
175554
175551
109222
76078
127835
39520
138292
169451
63122
33448
33447
173219
173217
172363
34498
34498
4389
31911
41780
31892
31918
19230
23574
4609
13494
37097
37091
47624
43467
43465
33459
172315
172315
172315
172315
172315
172315
172315
172315
172315
172315
172315
172315
172315
172315
172315
63307
37093
1180
63303
63306
33461
63304
173049
173081
173099
173094
173090
173065
158201
36165
36167
7532
36695
36168
36596
10264
8293
36154
44671
55611
69796
13076
9887
116167
31213
116168
114829
36338
10106
159174
116169
6581
55629
23436
176786
184802
173108
184506
172936
175573
172094
74711
128541
128561
172365
172408
38848
128545
110619
172368
52771
38909
17056
38855
5469
2589
52756
6344
52687
38931
74713
38768
38812
38912
153479
171831
159787
171829
112093
82800
38805
82800
82800
38867
82800
38852
128538
38816
38810
38773
38928
82800
82800
82800
38825
82800
38846
173033
82800
153441
82800
171829
171831
128539
127004
82800
128547
82800
38976
158378
163222
153478
171272
128560
82800
38808
153597
110631
12833
177659
82800
171286
172419
172363
173246
173246
172364
172370
52744
173246
38914
172043
173241
29739
74710
172049
74717
21877
169701
128542
178149
45087
159785
38933
74700
44458
38787
128558
128559
38807
52762
171286
171272
38938
74719
74708
10463
60335
60335
60335
60335
60335
60335
60335
60335
60335
60335
22572
23440
169332
153709
32230
172357
130215
23572
23437
23117
1705
154129
30183
171315
12811
24478
130183
22578
7910
52720
82800
171352
82800
171270
82800
32231
82800
82800
82800
171275
22451
171274
176811
32227
184090
82800
34664
36919
71998
183971
52192
177806
11754
1210
32249
176991
32228
818
17010
38426
22577
7076
12803
74247
168589
76138
36922
7079
23438
153715
22576
32229
183010
177660
152513
171828
171841
173110
53038
124461
31134
184480
184480
184480
184480
184480
184480
184480
184480
172368
172410
172361
172365
172366
44674
36424
168412
173110
173108
74247
74250
172049
171268
171268
171267
74249
124438
124117
124439
124118
172357
14047
151567
178927
172319
171267
171286
173242
173242
173242
173242
173242
177771
175558
106410
172231
172230
171831
171828
173147
173147
173147
173147
173147
173147
173147
173127
16723
16713
16724
16716
16717
183616
171416
172232
172231
171315
172320
172320
172320
3481
54503
67151
126996
82437
82440
82438
109119
147869
34498
108996
169701
173133
173131
173147
184804
94089
94074
94089
172407
172413
172318
172055
10940
173217
173246
116187
116187
172096
172094
72011
118472
142448
5484
116169
116167
116168
129956
164346
164416
24995
184797
166832
164425
183421
24734
142117
82800
82800
82800
82800
82800
82800
82800
82800
82800
82800
82800
82800
82800
82800
82800
82800
82800
82800
82800
82800
82800
82800
82800
82800
82800
82800
82800
82800
82800
82800
82800
82800
82800
82800
82800
82800
82800
82800
82800
25000
82800
82800
82800
82800
82800
82800
82800
82800
82800
164548
82800
82800
82800
82800
82800
82800
24985
82800
82800
82800
82800
82800
82800
166827
82800
82800
82800
82800
82800
82800
82800
82800
82800
164368
82800
82800
82800
82800
82800
82800
82800
31178
82800
82800
82800
82800
82800
82800
82800
82800
82800
82800
82800
82800
82800
82800
82800
82800
82800
82800
82800
82800
82800
82800
82800
82800
82800
82800
82800
82800
82800
82800
82800
82800
82800
82800
82800
82800
82800
82800
82800
82800
82800
82800
82800
82800
82800
82800
82800
82800
82800
82800
82800
82800
82800
82800
82800
82800
82800
152503
153512
152496
152497
152550
153494
153597
138727
153490
153487
172055
173033
172230
82800
82800
171268
82800
176811
124640
172044
172437
172439
172438
172096
172094
37758
10146
164369
164440
164422
164466
25096
169282
10171
24844
169284
164410
141408
166839
82800
171418
82800
82800
179594
82800
82800
82800
82800
82800
82800
4708
82800
82800
82800
82800
82800
82800
82800
82800
153439
82800
82800
82800
82800
82800
82800
82800
82800
82800
82800
82800
82800
158380
82800
82800
82800
82800
82800
82800
82800
33865
82800
82800
82800
82800
82800
82800
82800
82800
138729
82800
82800
82800
82800
82800
82800
82800
82800
82800
82800
82800
82800
82800
82800
82800
82800
82800
82800
82800
82800
82800
82800
82800
82800
82800
82800
82800
82800
82800
82800
82800
82800
82800
82800
82800
82800
82800
82800
82800
82800
82800
82800
82800
82800
82800
82800
82800
82800
82800
82800
82800
82800
82800
82800
10360
82800
10360
82800
82800
82800
82800
82800
82800
82800
82800
82800
116155
82800
82800
82800
82800
82800
82800
82800
22235
82800
82800
82800
82800
82800
82800
82800
82800
82800
82800
82800
82800
82800
82800
82800
4401
82800
82800
82800
82800
82800
8486
29903
29903
8501
172055
87512
82800
82800
152542
82800
82800
82800
82800
82800
82800
82800
82800
82800
82800
82800
82800
82800
82800
82800
82800
82800
82800
82800
82800
82800
82800
82800
82800
82800
82800
82800
82800
82800
82800
82800
82800
82800
82800
82800
82800
82800
82800
82800
82800
82800
82800
82800
82800
82800
82800
82800
82800
82800
82800
82800
82800
82800
82800
82800
82800
82800
82800
82800
82800
82800
82800
82800
82800
82800
82800
82800
82800
82800
82800
82800
82800
82800
82800
82800
82800
82800
82800
82800
82800
82800
82800
82800
82800
82800
82800
82800
82800
82800
82800
82800
82800
82800
82800
82800
82800
82800
82800
82800
82800
82800
82800
82800
82800
82800
82800
82800
82800
82800
82800
82800
82800
82800
82800
82800
82800
82800
82800
82800
82800
82800
82800
82800
82800
154165
82800
82800
82800
82800
82800
82800
82800
82800
82800
82800
153051
4304
8170
160059
171831
171829
171828
172314
153050
82800
160711
162515
82800
82800
82800
82800
82800
82800
82800
82800
82800
82800
82800
82800
82800
82800
82800
82800
82800
82800
82800
82800
82800
82800
82800
82800
82800
82800
82800
82800
82800
82800
82800
82800
82800
82800
82800
82800
82800
82800
82800
82800
82800
82800
82800
82800
82800
82800
82800
82800
82800
82800
82800
82800
82800
82800
82800
82800
82800
82800
82800
82800
82800
82800
82800
82800
82800
82800
82800
82800
82800
82800
82800
82800
82800
82800
82800
82800
82800
82800
82800
82800
82800
82800
82800
82800
82800
82800
82800
82800
154899
182978
2589
172319
52328
124437
173247
138790
138791
172094
172055
3356
8846
15286
183951
108338
4306
12037
172055
173033
184792
178545
174327
3404
174328
171828
171840
82800
178217
29903
6149
3358
2449
184479
184479
184479
184479
184479
109076
109076
109076
168586
173057
169701
171315
168589
168583
171841
52328
171828
171840
87277
82800
67749
40919
82800
170168
82800
184792
1982
29539
104108
149755
166664
166583
171276
163966
82800
43350
82800
82800
163574
166744
166744
162022
162027
87888
184790
82800
89367
89367
89367
89367
89367
82800
170173
87883
89368
89368
89368
89368
89368
58480
176961
116794
180865
172231
177784
172232
175552
176976
35624
175555
21885
58480
178944
172055
172230
21877
172230
173032
172231
172232
173033
172055
172094
172096
178944
171315
168586
168589
82800
82800
82800
82800
82800
82800
82800
82800
82800
172049
82800
172935
82800
82800
82800
74839
82800
82800
153051
172041
82800
154165
82800
82800
82800
82800
82800
172045
172233
151566
152541
140355
82800
82800
82800
94081
82800
138728
82800
172042
177660
82800
82800
172412
172363
52979
172361
172413
172055
172407
172364
172920
173130
82800
82800
82800
82800
82800
152876
172046
180317
171276
172068
154706
154122
159959
153704
169333
153703
168303
168185
171264
182653
153700
153702
153701
173249
173249
173249
173249
173249
173249
173249
173249
173249
173249
173249
154899
124101
172232
176781
173126
171381
171375
154120
172418
58489
67415
58146
173110
154898
173108
58268
58142
58093
58091
168650
58086
58084
168649
57194
171263
116268
171286
53010
45087
171292
171290
152509
109125
109126
109128
109124
172056
109127
109129
178149
129158
168583
168583
171315
172094
172231
171267
33470
86379
171285
87409
14227
8258
7911
12799
10286
12803
176978
14256
7971
7517
139503
10060
172069
57191
10205
10194
13074
10090
10118
2840
9957
10277
4359
10234
10097
10379
7191
10381
10169
15278
10070
9940
10193
4500
13464
9262
12363
4338
8265
13463
13465
10620
7910
10098
5500
5498
10174
10183
19261
10129
8110
13466
14047
82800
74841
74844
24888
25009
25195
25308
29740
82442
74719
38961
179992
170554
178217
172321
172321
173033
173217
173217
173217
171374
171374
171378
171378
171377
171377
171377
176767
177770
171379
171379
171379
171380
171375
171375
171375
171375
171375
171392
171392
171392
171391
171391
171391
171391
171391
171381
171381
171381
171383
171383
171383
171390
171390
171387
32747
108996
171437
118007
115504
172045
114015
180457
118006
127849
171276
172239
172350
172350
172247
172247
172350
172250
172350
172350
178545
171840
178217
171828
154898
154722
151567
82252
82267
82284
172042
171276
143588
89367
8499
8499
44965
168641
168639
168638
168637
168636
168640
127704
127704
82800
82800
82800
82800
82800
127703
4306
16248
2997
4338
4338
10940
25649
82800
102542
2589
21877
14343
82800
14047
10938
82800
72235
72234
4500
82800
2996
82800
82800
82800
82800
82800
82800
2320
82800
74249
82800
82800
82800
82800
82800
82800
29958
82800
136924
136924
136924
82800
82800
82800
82800
82800
82800
82800
82800
82800
82800
82800
82800
82800
82800
82800
82800
82800
82800
82800
82800
82800
82800
82800
82800
82800
82800
82800
82800
82800
82800
82800
82800
82800
82800
82800
172230
172231
82800
82800
23736
23736
182653
158378
152513
152512
32230
32249
32227
32228
32229
32428
32231
23440
23781
173126
23449
170554
171828
30809
32897
23446
23425
22573
109133
124116
180795
171840
167738
72238
24896
25292
171276
25017
29739
171829
173083
180755
180755
180755
173173
173171
172912
172912
172912
172912
173170
173245
173245
173242
173215
173242
182982
37663
109118
33568
173110
173102
22446
44128
13926
179315
109693
173035
72234
113588
7971
179314
175788
173081
171840
7909
173059
173204
171829
173071
16204
172232
172055
172054
173056
173094
3369
173057
175970
12811
3820
25276
106445
173056
76132
172052
76132
173110
54447
76697
76637
76637
82800
41603
82800
82800
113264
87454
82800
2140
82800
82800
82800
82800
106439
48116
81981
55488
82800
82800
82800
82800
40
82445
76693
82800
29902
153687
82800
90574
82800
153594
153594
76636
76638
76685
82800
82800
67148
52251
153665
36079
23449
36617
82800
76648
36661
76695
76695
76646
82800
40768
83087
82800
82800
44980
82800
76681
154691
76696
141640
82800
55687
76699
44822
77529
82800
41167
76676
104126
82800
82800
52
82800
44974
83089
82800
82800
83088
3192
82800
82800
6393
82097
82800
82800
106414
113263
27944
93351
76654
154686
116276
76644
82800
23786
82800
55
82800
82800
169409
82800
77531
127856
128314
82800
104104
42365
76666
82800
82444
82800
129021
43386
171414
171414
171414
51
23783
82440
76618
82800
76683
76645
83090
116595
39681
82800
153664
82800
76698
82800
76638
36577
82800
130183
76132
82800
82800
124442
82800
168960
25227
82800
82800
52386
59596
116484
109119
82800
82800
72104
82800
82800
36707
82800
82800
55533
82800
82800
82800
111670
82800
82800
82439
111673
36509
82800
94055
23787
76696
82800
82800
111601
82800
82800
41510
44971
55688
52388
82800
23782
55495
130172
67130
82800
82800
48120
153711
154686
42374
82800
44973
8501
124440
82800
76688
82800
82800
76660
1395
25297
44970
82800
82453
76142
130181
76684
82800
82800
76138
43102
130177
55492
82800
82800
82800
39
82800
82800
112059
82800
36158
82800
82800
109127
82800
25199
76652
153665
82800
82800
106569
113261
82105
104227
10360
52985
82800
58480
76637
76619
111676
76674
82800
111671
76662
65891
65891
82800
124441
60224
82800
82800
82800
67147
82800
82800
136924
136924
21305
21305
82800
172327
172327
82800
138791
171269
172044
130154
172357
82800
152497
184090
171349
82800
82800
152640
154695
82800
153597
171272
21308
176811
171352
82800
172061
172050
82800
171274
82800
172361
153443
153439
153440
172406
172413
177716
124125
82800
82800
130903
82800
82800
82800
82800
82800
82800
82800
82800
82800
171276
10285
4337
82800
82800
82800
33154
82800
128313
82800
82800
82800
82800
82800
173121
82800
82800
82800
82800
82800
82800
82800
82800
82800
82800
82800
177774
171831
82800
173032
82800
82800
152543
152545
152548
152549
167738
8839
3358
3818
11370
16830
16827
16819
3575
16806
82800
82800
16802
16840
16825
16861
16861
13144
10390
82800
4234
168185
173040
173033
173032
138488
173038
82800
173039
138728
82800
82800
82800
82800
82800
82800
153050
169333
153051
154165
138727
147868
154722
7070
105898
49994
82800
82800
82800
82800
82800
82800
82800
11188
171829
6657
172231
172232
173215
171840
171841
170554
171831
171829
172094
171315
172231
25649
171840
172089
82800
172438
172439
82800
82800
82800
82800
82800
82800
82800
82800
82800
82800
82800
44732
82800
82800
82800
44732
82800
44732
82800
44732
82800
82800
106581
82800
82800
82800
82800
172231
172057
106442
82800
124671
82800
82800
113585
124669
115504
33470
171315
169701
168589
109134
109124
109141
10940
109624
72092
72093
109693
109126
109626
82800
82800
171270
172410
171417
171417
181468
171831
171832
172089
172096
171831
82800
82800
82800
82800
173222
173221
82800
82800
82800
82800
82800
82800
82800
82800
82800
82800
82800
82800
82800
82800
82800
82800
82800
82800
82800
82800
82800
82800
82800
82800
82800
82800
82800
82800
82800
82800
82800
82800
82800
82800
82800
82800
82800
82800
82800
82800
82800
124111
173246
83089
79011
173214
171267
83090
35622
83087
36925
183010
83088
82800
82800
82800
82800
14048
82800
82800
82800
82800
82800
36933
82800
82800
82800
82800
82800
82800
82800
82800
82800
36924
82800
82800
82800
82800
82800
82800
82800
82800
24478
82800
82800
82800
82800
82800
82800
82800
129960
24479
82800
82800
82800
82800
82800
10175
82800
82800
82800
82800
74252
82800
82800
182691
124442
177804
124120
124441
152875
82800
82800
82800
82800
82800
172315
82800
82800
82800
82800
82800
82800
82800
82800
82800
82800
82800
82800
82800
82800
82800
82800
82800
82800
82800
82800
82800
82800
82800
168586
171315
168586
82800
82800
82800
82800
82800
82800
82800
82800
82800
82800
82800
82800
82800
172322
172322
172322
171418
172315
82800
172315
172363
183031
172438
172347
172347
172321
172321
172321
172321
172321
172321
172320
172048
184806
172048
173057
172045
177784
171831
171828
82800
171266
171285
172321
172360
172359
172358
172357
177842
173082
163962
173087
173057
173069
173096
182982
173037
179314
172094
173069
172089
172366
172406
172358
177716
184479
183738
177661
172416
172414
172413
172412
172411
172407
172406
168446
153435
159220
160184
159211
159818
159222
159196
159196
159569
159589
172232
153709
173037
168652
183951
171270
171829
171831
171832
171841
171828
184799
171315
37646
173218
184090
72146
176964
180794
176984
176972
176972
172232
172230
171266
172231
171832
173219
172363
158887
172256
25205
159517
24987
24868
168446
25221
31287
87450
87430
67237
61980
173093
61979
172094
30738
30738
141583
183035
183035
90580
171840
173074
114931
60838
37703
173088
173095
173090
173081
39505
36910
23448
173103
171832
61978
109125
82800
82800
82800
82800
22447
173035
172094
172089
171840
171315
168583
82800
171276
82800
82800
82800
82800
82800
82800
82800
82800
82800
82800
82800
172325
173037
172044
169701
173242
173242
173242
173245
173245
173245
173245
173245
2771
2770
2775
3192
2449
3355
818
2592
2452
6336
2772
171276
1210
6379
2589
6337
774
7068
10131
7113
7540
10130
184479
184479
184479
7078
184479
184479
184479
184479
9262
9945
152813
10285
172048
7542
82800
7519
4338
172416
7911
172412
163225
82800
82800
82800
8838
82800
82800
7524
9849
82800
13464
82800
4306
82800
7488
2776
172363
1705
3858
177660
82800
82800
82800
152550
180457
177661
172233
82800
82800
163223
82800
82800
82800
82800
82800
173219
173216
183738
172368
172365
138790
138790
82800
82800
172438
22445
172439
124441
152875
22446
168185
124442
182653
172407
172094
172089
171264
182581
172414
153512
109218
172411
172413
164491
164279
164501
82800
29723
124277
172364
164327
164397
164425
164448
82800
7110
164417
172361
42173
164395
164320
31323
16254
87476
22390
164459
14511
164438
164486
164554
164476
118894
15752
164545
164464
144333
42176
164303
164546
82800
164300
164426
164342
164432
164557
15527
87511
164558
164463
164269
24307
82800
164543
164276
104224
87477
82800
164447
164299
172450
166819
28491
82800
82800
104227
164403
82800
164344
164467
164298
164556
164396
164498
166837
164470
2801
166828
15126
118874
164433
164517
31336
164449
164535
164323
164511
164488
82800
164497
82800
29727
164415
164339
9294
153440
168583
76680
76682
76689
33470
124437
151567
25699
14256
24647
171275
172097
172230
172232
176811
171831
173218
173221
172936
82800
82800
82800
82800
82800
82800
82800
82800
15994
9210
171349
171276
180457
173246
173246
171840
171428
161134
171829
58088
163225
180457
171286
172097
172089
172089
172094
172096
172230
172416
52078
173110
173108
171831
171437
171437
181468
172316
172321
172321
171285
74844
172097
72120
172262
172262
172262
172264
172264
172264
172264
175552
173032
81413
178926
178926
173221
171831
25708
171832
25707
24990
123919
105891
113882
113882
120077
113932
184792
113959
55556
36396
36375
82294
82287
47556
36062
82265
87411
172094
82277
147869
69966
86297
45092
82267
37701
32428
82292
184789
146953
184778
177807
173241
173241
173241
173241
171832
171267
173242
171841
171829
89868
171266
173067
171270
44922
173051
175924
176811
175970
104104
80587
173062
171276
31893
173243
173243
173243
173243
173243
173243
173243
173243
173243
173245
173245
82800
173245
173245
172323
173245
173244
82800
52326
82800
172326
82800
82800
172320
163575
161134
154696
184805
74846
82800
163573
184778
82800
172324
163574
82800
82800
82800
82800
172328
82800
82800
53039
51950
173161
173059
173242
173242
173242
173242
173245
173245
82800
82800
171840
22572
23425
23424
173037
23117
171285
171315
171349
171266
172232
171270
171349
172231
172230
172231
152503
171273
171275
171270
173242
173242
173043
172230
171268
173038
173033
173032
173039
173242
173242
171276
172320
172320
171286
171285
171349
171349
171273
171352
168583
171276
171841
171831
182725
172233
179334
171841
171829
171831
172097
177061
168217
44128
173043
172096
151567
32227
33470
38558
74859
41807
168216
152546
162515
152541
71998
6303
172438
33568
124112
172419
49908
172408
172326
175960
176853
178107
152496
9312
173033
33445
173032
139175
34060
35954
33444
34498
21215
154897
171268
171352
171275
171270
171266
171268
171267
171273
171267
82800
82800
82800
82800
82800
67151
67151
172230
172232
171285
153441
153440
153439
153438
128540
128539
171275
173163
124125
171270
173067
107658
124437
112093
113585
124441
124442
82800
82800
109131
10938
171415
172326
172326
172321
183010
90655
172934
152505
152511
168583
152512
109076
173035
172328
171315
168589
168583
132516
173245
173245
183013
137287
80587
175970
129028
137191
153705
43535
43400
104120
129029
139339
139311
25229
104108
82800
141577
151542
45768
137188
139310
139417
87885
87881
172230
82800
85221
162027
81055
129019
139438
45789
82800
82800
87888
137274
139358
153031
136826
173160
104104
137267
137249
129021
10553
55463
82800
153594
43350
183031
139436
151540
87883
136825
137293
137239
45141
139442
67141
87277
43551
80588
154122
104138
43394
43334
43373
138875
14655
104105
139288
172449
42459
129020
43398
49084
170291
139362
15128
140630
139435
104099
42751
43366
104127
177808
162029
147428
129017
183013
129100
184097
147119
139437
139338
79538
149755
139312
40919
40740
139271
139278
129018
104122
137250
147869
137288
30765
173037
139270
170352
77101
82800
137238
137269
36157
4057
141898
45912
104126
180733
25327
21877
2589
2592
4306
4339
4305
112286
112282
112278
112274
10285
112275
4338
112273
14047
112272
112271
112294
21877
112292
112290
112301
42253
112300
112298
82212
113882
121213
179315
171840
171416
171416
172094
171832
171841
82800
173035
173033
171840
123919
171315
172054
171315
36913
173110
173121
172903
173032
173204
172920
171829
172921
173108
173124
171833
173033
173122
173170
171830
39681
173123
169701
173035
82800
172094
33470
33470
33470
173129
172231
173127
33470
33470
4234
33568
8170
25649
21887
52976
33567
17012
15410
172230
172094
12607
175563
178949
40768
172054
124439
52977
172327
171264
12804
172089
80433
172327
142335
4304
178926
171417
171268
171414
171415
171419
171416
137686
168649
171412
32470
172055
32470
72120
15417
72162
124113
172055
38557
25707
52979
110609
110609
72120
153051
79101
124113
124438
124438
152542
168650
178927
171413
171414
171414
171412
171415
171415
182982
65891
153594
171419
171417
173067
8150
124110
109144
133607
128499
111666
74860
124107
152543
168646
162515
152548
152546
152547
168302
152545
124108
152549
160711
62778
168303
171414
171414
173087
173032
173221
173221
184809
163225
22577
173217
173192
116677
163222
173214
173214
173219
173219
30809
124121
173197
173197
184480
173195
74841
168645
154889
124117
154899
152631
154898
174353
168645
154897
154897
179314
173035
74848
172054
179315
87277
137287
154830
80588
128554
168419
29452
153031
104138
43334
43400
24478
43373
104120
170173
172232
170286
139312
172449
104104
89868
168417
171264
43398
45094
45094
19258
108294
170291
82800
137249
173038
173110
167539
137250
82800
184096
18945
43350
170292
42751
108297
153715
118061
87883
170316
170316
43386
43369
104122
77101
184100
21929
87881
137239
4611
23628
45096
49084
104126
170343
42459
87888
170344
104108
170117
14343
169701
168586
168583
171315
177806
24478
124118
44601
1210
173037
176853
172054
130245
32249
32227
32231
32230
23440
4278
68779
52303
76734
152509
172438
179314
173032
172231
172062
172230
172096
172089
172094
154885
153662
153668
25029
153663
153661
25023
153667
165016
165016
168960
168956
136693
129100
109118
32229
32228
108996
108996
108996
173038
173040
136638
132514
12359
9262
7070
7077
12803
82800
52328
7068
129100
129100
169332
22573
163701
37701
7075
113261
71998
31079
12435
82800
161943
161938
161941
161939
161940
161945
138293
161942
161944
161958
161953
161956
161954
161955
161959
138293
138293
161957
172325
161960
176782
177805
177808
177788
177810
182691
176800
106693
175558
111557
21877
109131
153439
173127
116567
116638
9312
152496
168583
109076
172042
171350
171351
171273
176803
176778
176779
176764
176799
178948
171840
173035
171832
12249
173245
173245
173245
12984
173245
173245
13018
13022
13035
13035
13041
13139
13139
172054
1951
179315
23505
2815
172052
2878
172052
30753
4090
4090
171417
171417
171417
171417
171417
171417
171417
4817
4817
6660
754
13009
13068
13076
13077
13112
18711
172052
172052
172052
23484
23484
173204
23491
173131
31149
31172
173145
5422
173146
6716
3829
153714
153715
154127
154129
153702
153703
153700
153705
153704
153708
168640
168639
168642
154122
154121
154123
169220
153635
124437
153707
82800
123918
123919
184480
184480
184480
184480
184480
184480
184480
173191
171391
171391
171391
171391
171391
171391
171391
171391
171391
171392
171392
171392
171392
10204
116517
109131
184806
106460
173220
173220
173220
173220
173220
173244
173244
173244
173244
10091
184805
179992
34054
171383
171383
171383
171383
171383
171392
171392
171392
171392
10165
10165
173218
109184
82800
82800
11291
22572
82800
82800
12424
23810
23810
37163
37163
173217
173217
158187
24935
36930
82800
82800
173038
135479
82800
11754
168649
22578
82800
158327
4089
172097
37702
172089
172089
37703
172089
37701
4401
4401
67071
173241
173241
173241
173241
173241
173241
173241
173241
177715
171382
172414
55037
37663
32737
43102
82800
71998
177716
176784
113264
116453
172096
31304
113262
82920
82956
109126
30809
175565
21881
177809
172068
113263
130215
25193
7068
24905
82800
171443
173241
173241
173241
173241
130221
4470
177810
177810
72163
133576
130222
164342
176871
139175
154707
154705
154706
173247
173246
173246
173246
173246
173246
82800
177810
168589
82800
82800
82800
177783
82800
82800
82800
171315
93228
171392
173108
135479
173109
173242
171315
179314
152561
127840
152495
76098
128650
45468
173033
182978
182978
172041
172231
82800
82800
82800
82800
14906
2589
29372
29372
14921
14921
9480
45
3860
14775
14775
29380
14605
38
94103
14246
14230
14265
14265
82800
29371
29371
14901
14840
14263
13129
2592
15597
15597
15370
14825
15604
183823
14910
15157
14764
14255
9393
15611
29378
29378
111557
14832
14918
12655
13053
14956
14555
15615
14860
14854
14634
15593
14659
8245
15371
29377
29377
15596
15596
15576
14947
15591
15591
15612
15166
15165
14425
15573
15353
15976
14826
29391
29391
15359
15359
18338
12808
14942
14225
10503
18344
10570
14427
13518
90655
14833
14261
14261
14859
15362
15362
14923
14600
13026
14920
18365
41550
41550
41550
41550
41550
41546
41546
41546
41546
82800
41551
41551
41551
41551
41551
41551
41549
41549
41549
41525
34060
74721
67151
171267
171275
171273
171270
159799
154722
82800
71360
69842
67144
173170
172040
171831
172370
66958
172439
172438
36934
172361
36919
171275
171271
36922
171269
8827
68915
173033
171416
173032
55855
55563
87417
179314
45090
50452
172089
50449
49908
37794
167196
167197
167180
167192
167179
167182
167193
167191
167183
167195
167177
167194
82800
82800
82800
82800
82800
82800
173098
172044
174353
172040
82800
82800
171415
171415
171415
171415
171415
171415
171415
171415
171415
171415
171415
184778
74249
82285
82284
22445
82275
34055
82267
14344
82267
22446
15283
82263
13135
13072
10387
7078
109076
53010
82800
52983
3857
17011
82800
82800
34054
17010
82800
82800
82800
12800
82800
82800
124437
11370
82800
82800
82800
82800
52555
82800
82800
82800
82800
183035
172361
72092
2770
52719
124440
109693
113588
17203
74248
94289
35622
36933
51950
3859
82800
82800
82800
87410
11207
11207
86297
178927
52386
178927
16255
10463
173147
52365
6347
173147
74248
6348
16220
173134
18335
82284
30183
82441
11165
44128
3667
178926
12202
12364
1015
6037
3730
12208
27682
23107
12203
36921
152513
3173
36860
168193
23437
152579
27678
168185
12361
3712
12694
12694
12184
2673
12644
184809
2251
15746
5465
23077
36924
2675
23449
36918
36930
154897
36927
6037
172042
36920
22452
2677
74834
723
11225
1288
173128
173129
27674
173130
173127
82800
16215
12037
173173
173171
17725
178926
12205
178926
178927
178926
178926
178927
5504
161134
7974
82800
82800
5503
87457
52251
86380
90655
87419
161134
24477
133607
74864
172231
172232
173032
41808
172097
154899
161893
161893
170354
184778
82800
82800
163573
82800
82800
170352
82800
11038
82800
82800
82800
170344
82800
82800
82800
82800
82800
164333
82800
22539
82800
82800
170292
82800
82800
82800
170291
18260
82800
82800
82800
82800
170291
82800
40558
68788
82453
68787
113959
113865
173037
173035
172230
172231
82800
6586
36044
24695
44669
12549
7110
41546
6796
6796
15684
2576
2576
41549
4313
14277
172049
15238
14128
15226
6602
2992
21868
31170
10279
10279
127016
2882
41522
38797
9778
38794
104138
21852
14829
15249
15249
178927
41512
41512
82429
38767
9811
13865
31184
1640
104099
21851
10379
4343
54443
6565
24915
14661
17723
7541
8265
126991
41543
38789
13863
9482
10080
82435
116794
24697
41544
31229
141446
54473
41550
38778
7052
44211
14238
173191
14779
14817
39509
39509
173192
39509
178927
39509
184479
39509
184479
14778
184479
184479
15369
173214
15596
184479
184479
8129
184479
32749
49890
15250
173214
15609
15609
55486
30723
10024
173219
82404
82229
24588
6605
41519
14919
24586
2072
2569
55448
14285
10222
15236
126992
31305
14254
10381
82398
179315
13871
6568
173242
3045
41545
9910
32231
2592
42100
15169
179314
37704
10210
55482
178927
15161
13870
13870
14243
31213
10286
6600
14494
7051
14270
177716
172054
54476
66970
21853
9887
3820
152875
177661
152876
109693
180208
154899
154898
172363
152877
109693
171289
172365
171288
172232
172416
172412
171269
169701
177660
172231
172407
172320
172414
172413
152546
24751
82421
10026
54483
15412
4625
15164
15164
4314
41608
15288
10261
43663
116427
82403
7050
14794
7048
36286
82422
36042
177660
36695
10190
15266
14765
15965
21850
21850
126987
14111
25010
21943
14793
14786
2990
41601
9804
82127
82399
9862
54479
31220
15278
15177
13864
13858
161984
7055
10219
8309
10278
2453
82401
182978
9849
41544
24806
41548
14777
5542
55737
8255
93503
14269
41593
82427
3358
21854
785
14243
25074
41520
6264
113602
24918
14941
43369
15175
15296
4061
3199
14104
2587
6586
114829
2040
9384
9782
41528
31293
14433
14433
3356
13856
10104
4308
10375
43373
55382
151790
151790
151790
151790
39509
173200
173200
173200
4310
6787
55723
10940
14588
14130
15223
10218
121117
21941
98765
90472
9999
54474
54474
31226
32229
14952
4311
4344
14100
4324
55396
10044
15385
2582
82002
14103
87432
13051
13857
55539
55549
176782
52182
177962
52982
54471
4330
7046
14101
37768
7057
41525
14830
36262
10264
41255
5207
55564
41515
4344
14422
7062
15216
45789
4334
52078
43664
14900
24902
24902
8490
10097
14234
13866
52178
32227
36397
14947
104104
54477
2776
6795
6795
6795
10048
10048
36059
121226
7495
24695
10163
35625
36041
54849
14917
37749
53038
55436
13867
82400
89868
6242
5766
7064
25187
72093
15361
41554
121182
31233
10125
10125
10125
82164
10029
41513
24662
127004
82443
4316
32230
783
36178
4336
82291
24935
173241
173241
172232
173142
104108
137269
87888
4293
104105
172089
87883
173142
173142
173142
82800
165016
172230
104138
141641
40919
87277
171436
82800
118061
153663
82800
153661
173123
82800
139270
43350
42459
62791
43373
45789
45768
173126
49084
172052
172097
10620
173247
173247
173247
149755
95416
139437
139362
139339
129017
41508
182978
172094
15093
15093
15093
15083
15083
15083
15084
15084
15084
173242
173242
173244
6348
6375
11207
11207
11207
11207
6342
16218
111820
111820
44413
87250
11204
11039
11202
16250
11081
68789
172327
172327
172323
172323
172323
172323
172323
173242
173242
173242
173242
173242
173242
173242
173242
182982
171841
172231
172230
171829
173204
173037
173033
173032
62237
172412
172408
172368
172364
138007
172363
47657
4349
22309
10316
4348
2601
4347
4350
82800
44922
4345
72003
6271
72005
6390
72006
14467
172052
10320
183418
7085
24299
72004
32755
124118
128650
21305
174353
169333
47656
168303
32753
17724
171370
171274
171352
171263
171272
173242
171292
118006
21884
23519
31166
31201
31233
31254
31292
47654
31139
30283
45105
69975
69965
183008
183013
184778
59521
179319
177801
177801
172318
77321
77321
50450
50450
50015
172316
50015
173204
49994
172094
173033
39717
177781
11382
82800
4292
82800
7114
82800
82800
82800
82800
82800
82800
82957
98849
82919
75128
41347
12416
12405
75124
98864
12775
98858
98863
93621
82904
23508
11608
12611
2849
41239
6214
12419
82954
55246
7931
12632
33173
55061
42724
98788
94267
49907
87405
98810
93542
82963
94265
82951
55025
7942
98606
41184
22198
55029
75129
23506
93543
41392
41181
93529
39087
40675
98930
40953
7933
98844
75123
40952
98848
41183
41355
98787
98926
7945
94588
93538
55046
23513
82979
54850
55022
41240
172323
54853
40671
55033
19169
17013
87406
40954
39085
3848
43588
41384
42443
98846
19043
3491
98856
43587
82909
3849
41386
55040
43865
17016
87407
70156
82962
12259
23507
2864
93532
22764
82978
55060
45559
23488
93535
70157
82906
116646
69938
82943
12415
94577
55067
82925
3473
98928
82974
55064
19168
171437
23498
82950
42726
82953
173160
94266
7934
98850
75122
54854
55058
41391
41185
93454
40942
93527
172041
15054
25668
85828
19163
38402
98804
85807
8216
43452
7391
93475
38435
93574
5962
75105
43445
43258
18265
85849
116189
85795
5965
43451
93578
93523
85825
2300
93493
44445
93469
29493
85835
8211
43439
44443
56549
85798
98892
98821
38433
38405
85837
8214
85806
25686
43261
16982
132539
85833
75113
116182
38440
116194
7375
38424
98790
43448
38441
93494
90496
38416
38418
38410
15073
43130
4257
56484
85812
56513
20477
8198
25670
85811
93515
93521
43131
15065
38419
38436
85788
20476
5964
2598
2598
4346
4346
4346
4346
179323
16802
10463
7091
173137
16840
173141
16827
16825
173143
173143
175559
173143
16838
16799
173138
15220
173133
60211
59521
60202
82800
7067
172408
173242
173242
173242
7077
172411
172418
172361
18562
17010
7078
7075
17011
173242
173242
71638
173042
173033
71636
71637
171315
172054
172089
168589
169701
173032
65891
173137
173137
173137
173137
173137
173136
173136
173136
173136
173136
173136
173136
173137
173137
173137
173136
173142
173142
81055
71636
71636
71637
71638
71638
177962
177659
172415
172419
82800
82800
171415
82800
82800
82800
94573
76138
171415
171415
171415
171415
171415
171415
171415
76139
72093
76133
184479
72093
74250
74248
76130
38426
72120
171415
171415
171415
171415
171415
171415
171415
171415
171415
171415
171415
171415
171413
171412
171276
82800
172327
172327
172327
172327
172327
172327
172327
172323
180457
172089
82800
82800
118346
82800
118338
116981
172314
173032
172321
37704
82800
82800
38838
52325
180457
183035
171449
171449
171449
171449
171449
171449
171449
171449
171449
171449
171449
171449
171449
171449
171449
171449
171449
171449
171449
171449
171449
171449
171449
171449
171449
171449
171449
171449
171449
171449
171449
171449
171449
171449
171449
171449
171449
171449
171449
171449
171449
171449
171449
172320
93556
4327
54474
4328
93616
20539
49890
21868
54481
10048
4326
21863
54473
114814
42100
41985
7052
7053
82400
98868
93553
22758
7064
42113
98770
82439
93558
98924
75089
54484
82437
45810
93503
14142
13870
19156
47603
10021
75062
114811
4311
41255
41515
93434
93432
82398
14128
54503
98922
98871
41543
54477
98603
13864
93428
93554
98766
93559
13867
4317
75072
21861
86311
13858
41984
10026
98599
21855
14104
4319
98771
4313
75091
43970
94277
42111
93437
54483
43969
93420
10023
98865
41522
98772
93555
75096
10044
114816
21854
41608
45558
17723
13865
44211
82404
82401
98773
14111
98874
93439
42096
41545
92726
82403
41544
98769
6264
14140
41516
14130
41548
114829
98872
42103
19059
114828
22660
93552
98914
21871
54476
41554
19047
93499
98765
82399
54480
10033
98867
7047
43973
41519
41528
13857
98756
41986
21859
54479
93436
173241
43257
116193
8189
56519
8197
15090
38408
98893
5781
93577
116165
85815
38437
41238
75101
75106
116166
4255
161956
75111
93489
56498
75112
15061
38422
85799
15072
49901
132544
38413
7282
43256
8348
38406
25674
38439
98839
116164
45562
25694
45556
38400
25669
15050
43455
98833
19052
93506
98895
25685
19149
8192
56505
98822
38411
93587
22761
75127
25655
43264
43133
93490
56508
8187
75094
2317
98819
44436
15088
16983
15064
93488
85852
93465
43132
20481
15087
38434
75114
2311
8200
98830
43273
49894
98832
44441
15083
7378
93477
7285
98808
98801
38404
4244
38414
93571
44930
43442
43469
98798
98795
15060
15075
132545
93580
2314
98789
8346
93461
98860
87403
12418
55036
3481
5540
93456
23497
41974
98852
98847
98615
55024
12429
23487
55062
40672
16988
93453
55031
54852
98857
87404
82949
12774
42730
23504
43864
42723
22197
12414
93455
98859
55044
19148
93548
41348
93536
19170
22762
40943
41344
69946
55038
98776
94576
39086
39084
75121
98853
45550
75126
23516
41243
55066
43860
40950
116425
82961
3844
7930
23502
93530
12409
82910
40670
42727
82947
116647
16989
179323
41351
71982
49906
54876
41126
41354
82952
93540
3851
82969
41394
19166
7920
82965
41113
55039
94578
70164
7946
75120
3487
40674
82907
49903
41387
82958
55030
176796
93537
82977
75133
42435
82945
93546
75136
47589
41353
98920
82921
3485
55023
82972
23505
82968
70163
116453
41242
23493
12610
93545
40668
40955
31371
82971
45552
42508
23482
82900
82923
12422
163964
55035
41182
82955
3853
55041
41116
177797
172328
176795
172326
153494
172244
172244
14046
172324
159786
94288
82800
183008
8204
116180
4259
85800
15071
5961
93581
4260
93479
44437
132536
116191
93566
14551
15095
43595
93462
93517
85818
8202
85847
85832
8205
38412
25660
25654
98881
18511
25657
25673
85808
56482
132542
85848
132487
43443
98817
93470
85791
85853
98842
38409
93589
85824
151564
43456
98609
7352
132537
4242
93496
43450
38421
85796
43433
25659
158378
25662
7284
132535
43265
43566
56489
45553
38592
43447
47595
14344
98840
20480
116178
93509
85839
98882
94271
75117
85836
15055
38591
7377
43444
43458
38407
2308
56512
98888
75092
132493
98796
29492
15092
132538
172320
38420
172320
43129
93513
172320
172320
98886
8206
45555
15063
93472
75108
15077
43446
85838
138290
85846
43260
15094
132541
172319
98907
43263
75107
132521
153594
153594
153594
153594
153594
74248
74247
74250
74249
173242
173242
124120
116259
116644
116644
12614
41349
55042
98845
7956
40951
42728
93623
120261
55043
41345
3489
94575
98855
23484
75134
41357
98854
19167
98784
39083
93528
12424
55045
82932
2870
82944
82905
7932
41356
41975
70162
114235
40949
23491
12428
20550
75119
7959
114236
75132
82956
82916
3836
45560
12426
82946
20549
82980
93539
93533
98862
55026
39088
98607
7922
82933
67605
23515
82920
55037
7918
49905
98851
7957
17014
93624
93541
41257
120259
93622
12427
82903
98786
82976
98861
12612
23490
82908
82967
43586
42725
82922
41114
70155
93620
43871
93457
82966
98785
7963
70165
40673
98927
41352
3837
82931
93531
55034
87402
2848
75125
12802
3488
41350
12625
41128
41128
41128
41128
41128
41128
41128
41128
41128
41128
41128
41129
41129
41129
41129
41129
41129
41129
41129
41129
41129
41129
41129
41129
183010
43870
43870
43870
43870
43870
43870
43870
43870
43870
43870
43870
41607
94280
98768
7059
21847
41553
114813
75065
93619
98925
7061
45567
14134
93430
10041
98913
93501
4322
93502
14100
24249
93617
14108
43972
114815
93550
42093
93618
21851
75070
114812
93421
16980
98866
98870
75087
86313
75063
82440
22756
98608
98757
42101
10002
43971
2585
93431
4325
41555
93433
54485
43585
49891
45811
98825
75086
75095
4315
10031
114831
126991
98612
93551
13868
93435
42095
86314
21860
98921
21873
98774
4320
15802
22757
20538
94279
10019
41523
19165
14043
54506
98764
54504
54475
43975
24252
7063
21862
93615
82438
93500
49893
98873
98763
98869
54505
7049
75082
54478
24257
21846
21849
98828
42102
41251
98829
43974
98923
19050
75064
7056
4331
4318
14143
171831
75098
171828
43453
43461
56490
98836
98891
93497
42731
93511
116190
85804
8201
98809
93575
43481
85850
98814
98794
19162
43457
98896
17721
85819
19157
171830
38417
85845
8203
75099
98889
93583
93507
43594
93473
43449
85797
98793
98887
25661
93594
5963
171829
93591
38415
93498
25692
93505
15093
98885
25656
85843
85820
15062
38438
56548
93593
93586
116179
136685
98792
15045
98805
98908
85810
38401
93572
15057
4262
93504
49896
44438
25675
8175
85823
98818
45564
98898
85822
98890
98803
98894
44440
98900
56499
93459
123891
171831
72092
178787
76154
171829
90717
95536
95536
37793
172232
141576
141577
154167
123911
123913
172231
123915
172232
52310
55261
2453
2447
765
172327
14047
29740
29739
42780
30810
30809
3820
3356
14227
22785
36903
52328
2449
2452
108996
108339
3357
22789
36906
72234
71636
154695
154695
154695
154695
154695
154695
154695
154695
154695
154695
154695
154695
154695
154695
154695
154695
172232
172232
172232
172232
172439
82800
82800
82800
82800
82800
82800
82800
82800
82800
82800
82800
82800
82800
82800
82800
82800
82800
82800
82800
82800
136638
82800
82800
82800
82800
82800
82800
82800
82800
82800
82800
82800
82800
82800
82800
82800
82800
82800
82800
82800
82800
82800
82800
82800
82800
82800
82800
82800
82800
82800
82800
82800
82800
82800
82800
82800
82800
82800
82800
82800
82800
82800
82800
82800
82800
82800
82800
82800
82800
82800
82800
82800
82800
82800
82800
82800
82800
82800
82800
82800
82800
82800
82800
82800
82800
82800
82800
82800
82800
82800
82800
82800
82800
82800
82800
82800
82800
82800
82800
82800
82800
82800
82800
82800
89367
82800
82800
31287
82800
82800
82800
82800
82800
82800
82800
82800
82800
82800
82800
82800
82800
82800
82800
82800
82800
82800
82800
42508
82800
82800
82800
82800
82800
82800
82800
82800
15334
43661
62234
43515
43664
62231
43657
79335
43656
62236
113134
43667
43663
36069
15195
55507
9944
25037
87459
8313
15673
94261
36336
90574
14811
8259
14276
167082
36380
15393
8294
82285
55600
31197
24929
15982
167177
8245
14929
36467
14300
15656
14313
24808
24748
24975
25279
14290
14846
15435
25109
15682
14331
14962
25215
94039
15183
15942
55543
15440
24847
39283
15939
36323
15887
86184
36216
14665
24871
15693
15621
4788
24845
15632
25162
3203
15381
86192
10057
15662
14669
13058
14980
15190
14961
10364
24972
2243
55365
31190
67032
24981
15426
94079
86191
14785
14813
15439
15257
36239
6395
14924
24758
14267
29377
4828
25075
15644
14789
94042
25206
24970
15174
36338
14446
10271
15637
15970
31172
14438
15642
14664
4833
14675
15438
15694
15261
13113
21853
15655
8310
24738
25122
25230
21804
4792
14932
10254
24715
25164
94049
24757
37771
2564
31230
31230
6538
75117
8122
37761
167186
24816
1263
15685
43655
15595
167188
21801
36658
14673
25268
1168
15394
15678
10366
66931
94041
4831
24807
25121
37245
24952
25035
36360
53852
94088
14938
15634
14310
15378
4251
36580
24707
12998
12998
44674
37763
41113
13113
173082
31283
173076
6540
173074
31306
13006
173099
31282
173091
67121
173088
10041
15276
31915
21305
154129
173242
47626
154898
47627
82800
25649
32739
147119
30323
82800
47623
129100
109184
69968
15419
47625
6470
47624
7070
47622
127840
173124
173121
69959
173126
102542
21213
10593
128768
66931
13026
4231
74865
37760
10592
43515
31556
118006
128650
152546
6289
173038
55427
142406
7534
171208
44255
7068
18592
4231
116794
116794
109076
44446
52325
52328
173070
7067
7069
173057
5500
173059
37700
175788
173056
172049
173071
173098
32541
41607
41607
37799
35580
173077
41117
56109
66919
67117
37803
44668
171275
10041
42375
42360
37824
15442
13024
25201
24819
86190
15651
8287
167182
8283
36125
4836
25102
183035
31189
14307
44687
14963
25088
10169
15645
4789
24823
24951
14281
15180
15427
15170
24950
25317
25107
67057
14267
42378
14447
86186
86189
55547
94057
66941
31221
24962
42365
24948
36124
14806
86185
15176
14282
15431
4838
42368
42361
15623
1979
15940
871
14807
31133
31133
36662
31145
8290
36127
82259
24812
14451
15188
15187
167178
167081
25165
14314
4827
25093
14844
36353
25258
14959
24744
10367
55366
14861
15636
10372
10152
15647
24749
55737
21859
22445
10940
37673
56528
54475
52312
9859
31297
66940
67103
13118
44667
8349
87251
21859
87250
1973
87215
40727
35580
58488
45088
14604
37705
36997
82800
82800
5962
5962
82800
13029
44667
2319
4293
184786
41608
41608
41607
43515
45849
10058
67236
21213
11611
37070
11612
33461
11610
87408
12836
20555
163575
163575
9179
17056
15944
124669
72988
72238
79011
72093
183010
2319
4306
82252
2592
2589
138967
14343
82800
124121
12208
124117
4338
14047
124438
12682
12695
12689
2881
3609
3609
3609
71635
12704
3869
14047
7068
10940
12691
10938
7993
3874
6045
2883
7992
3820
2450
2449
785
2447
765
43386
17771
23445
172350
172350
172350
52186
36916
23446
23573
3860
3575
36913
172052
179315
172054
179314
172053
173032
124438
5471
4231
2319
4234
4338
4306
2592
8170
3858
3576
7912
3470
37116
109118
12365
7912
3857
2772
3575
10593
71635
71636
71638
4327
6568
7048
87392
6564
41607
23571
67151
67151
10940
6542
14376
2841
173246
21942
21954
24220
24164
24204
24194
68782
24171
24163
24202
24219
68783
68781
24205
24170
41784
24198
24196
24215
25909
24168
52376
52376
52376
52376
52376
52376
52371
52371
52371
52371
52371
52374
52374
52373
52373
52373
52373
52373
52373
52373
52370
52375
52375
52375
52375
52375
69820
69820
52372
52372
52372
21953
52367
52367
52367
52368
52368
52368
52368
52369
52369
52369
52369
52366
52366
52366
52366
31870
23154
31873
52364
52364
52364
52364
21949
21949
21949
52363
31874
52365
52365
52379
52379
52379
52379
52379
52379
52379
52379
52383
52383
52383
52383
52378
52378
52386
52382
52382
52388
52388
52388
52388
52385
52385
52385
52385
21945
21945
21947
173132
173132
171449
171447
178926
173131
171446
183035
152513
171266
36344
106686
116467
169425
106658
116598
9825
169402
37813
106605
106636
24166
36412
55356
106685
55731
116568
90579
116564
116592
67112
31136
106510
106625
36521
118829
106594
106512
172053
179315
172412
171832
172363
171841
184308
177061
172052
171831
171828
171828
171840
179314
172094
172089
172096
44554
168586
170554
161344
152576
161344
161344
161344
161344
161344
71359
82800
82800
82800
82800
82800
82800
82800
82800
82800
82800
82800
82800
173204
168589
172439
168589
171315
172097
171276
171315
171352
168583
171275
173204
172232
172231
171276
172231
171273
178926
182990
173243
172320
172328
172324
182978
182982
183017
183031
171412
172314
184805
183035
178926
178926
90585
90571
161134
173077
173070
128311
172327
177660
180457
173145
173145
173145
172261
114821
158378
172230
2589
2592
82800
82800
82800
82800
82800
82800
82800
171416
171416
183017
168419
158202
82800
173173
158201
171285
52976
172359
172357
17056
176811
171370
116183
179314
173037
173035
8171
173033
13446
173032
172094
172052
110609
171315
168589
168586
168583
15412
8170
33568
38558
38557
87419
171447
21877
173145
173131
173134
4304
118007
171443
7971
171448
171447
172327
154164
82800
74841
17706
153050
152541
8171
24884
94081
177716
177716
172407
172358
172414
172358
172368
172361
172365
172362
172408
172412
158378
50379
52719
34055
172411
173191
173191
34054
52555
184479
184479
184479
184479
184479
154165
154899
168649
152542
154897
168303
168645
154898
142336
124121
163782
11291
160059
152546
142335
152541
158378
167738
153050
153051
168650
159789
184090
171441
172068
173249
173248
173249
173244
173244
172359
173244
172358
173243
173243
173248
173248
173248
173248
173242
173244
173241
173249
173245
173241
173243
173244
173248
172089
172089
52983
37700
33470
111245
33470
21877
14047
4338
173246
10285
167738
72988
172232
168589
168583
168586
171315
167539
173049
82800
173218
173133
173133
139289
173147
173220
173220
172416
42751
171416
172366
171444
171444
171445
171272
151538
178926
171413
173067
43369
171443
152640
171285
172419
171286
43334
171442
43386
82800
82800
49084
77101
104108
118061
183738
173217
129022
41100
172320
172089
173247
177716
173242
172363
172368
172415
172094
172096
172438
172361
172362
82800
82800
82800
82800
82800
82800
82800
82800
82800
82800
82800
82800
173144
178927
177716
173146
173242
171272
171449
171445
173134
171274
82800
82800
82800
82800
173147
173221
173132
87888
172415
172320
25314
25217
25216
25202
25176
24977
24971
24726
24725
24624
121227
171443
24634
172231
172230
172097
82800
82800
82800
82800
82800
82800
82800
82800
82800
82800
82800
82800
82800
82800
172053
173034
173036
173033
173134
173221
173218
173218
173222
173222
173217
180760
173036
171447
171447
173108
52489
172092
171267
171267
171267
180430
171828
21841
21841
21841
21841
21841
21841
21841
21841
21841
21841
21841
21841
21841
21841
48120
82800
82800
171276
154864
160181
10055
10056
10052
6385
4330
10034
2587
4344
23425
10620
7910
7909
3864
1529
1210
12799
12800
76142
36932
36917
36923
36926
79254
43126
43124
113111
33568
72120
118472
168583
22445
168586
171315
168589
82800
2589
6889
2775
12037
124117
19441
4377
7067
4306
173248
151720
173248
12205
94040
183425
141570
7972
1624
19236
94586
4232
15742
168303
179594
22576
163131
163131
8170
7191
163131
2997
163131
163131
17011
23112
183008
171832
179593
2447
164409
8492
8492
146989
31915
183031
5504
184807
154164
119334
8165
184778
102218
172450
18562
171415
183013
172097
182982
22448
124182
109140
152413
119339
19260
31671
66981
31882
90587
27678
164455
74844
147428
32230
16681
15412
16681
31220
12803
171412
36928
164436
82800
164436
1288
32229
135479
52982
182990
124111
173247
109585
164511
171271
124277
182978
133607
31892
8490
172052
10285
2675
127759
2319
3818
5498
2452
4234
124108
172068
55055
19230
8845
2453
179315
31887
17012
69239
3357
2677
5785
5503
2318
180055
4371
12808
94289
22202
4382
172094
5784
3864
1468
4337
7079
151564
1705
12811
11023
11023
82800
7075
32227
64670
82800
2592
82800
4364
2771
11370
5635
7070
7080
21882
8169
74841
76061
2836
171272
5637
4304
135479
119337
3075
183017
52196
172097
172094
172096
172092
172089
172089
172089
172089
172089
172089
173243
173033
172053
172054
172055
179314
179315
168583
168589
172230
181468
171444
171444
171444
171444
177785
82800
82800
82800
82800
82800
82800
82800
82800
82800
82800
82800
82800
82800
82800
82800
82800
82800
82800
44922
173087
173087
173087
173087
173087
173087
173087
173087
173069
173069
173069
173096
173096
173096
173248
34061
172232
172322
172322
172322
176767
176799
177793
172326
173161
173163
173162
182719
182719
173032
16850
71638
71638
71638
71638
71638
71638
71636
71636
71636
71636
171315
172061
168589
172049
71715
71637
71637
71637
71635
71635
71635
71635
173247
172044
172068
172050
172048
154898
173123
172346
152640
184090
176811
172089
172097
172092
172096
172094
173109
173108
173038
172363
171831
139503
23736
179315
34060
34060
34060
34060
34060
34060
34060
9312
171438
183951
172408
152876
171276
171275
172365
180733
172915
172915
172915
172915
172915
172915
172915
172915
172915
172915
171828
173042
172055
173043
172056
178545
172903
130245
172437
10938
177661
172411
172412
82800
172418
34498
34498
15410
171349
118007
82800
172057
171352
182459
165740
172912
172912
172912
172912
172357
4470
172410
184308
10278
14604
15638
15618
14779
178787
8308
14945
171441
14675
14205
14205
14291
1608
14914
14907
1975
14840
15687
14206
15262
15262
15262
15684
11208
14787
14814
14214
7364
14279
15286
14916
14259
15541
15283
172406
15283
15349
3042
3042
15660
15225
15225
14688
13048
9909
14412
14416
14438
13137
13137
9511
9511
9511
7434
15641
7524
15680
15232
172406
14970
14200
15167
865
10148
10102
11027
14816
15272
4714
14979
14979
13055
14678
9887
14263
8199
15235
15235
14761
7989
15287
15231
14795
15536
15552
13071
14793
3197
15385
15938
14759
14448
5616
10170
10315
10315
14237
14268
8163
8163
14427
14913
15178
15178
14593
14593
14685
3037
3037
4046
15559
14289
11165
4088
8188
14751
14758
9482
9920
15218
15134
791
791
21944
14433
7474
15189
14513
5214
5214
14499
14843
8293
9934
9876
15639
14436
14436
14436
14210
14927
8305
15614
15355
13101
15635
14408
8294
9967
14441
168310
136377
168310
168310
82800
82800
171841
181468
141285
172364
172361
172363
10369
14207
14207
14209
14209
14765
2080
13075
13009
15142
14443
15139
2801
10111
15628
15936
15630
15286
15286
9484
9484
9484
15658
14259
15168
14285
14285
19282
14218
15167
14867
9512
15233
1639
14951
14861
9898
15235
14278
9909
9909
15341
14438
15164
10365
14657
14952
142402
865
13013
15518
4060
14904
9871
15182
15182
3187
22388
9480
15601
15601
14449
14783
14783
14815
14312
15643
15619
9935
15392
15392
15429
7440
14785
15983
14931
8299
4087
4087
15380
15130
15130
15130
15378
14219
15220
15543
15385
14332
14254
72120
24476
22790
22577
21882
109119
21877
173110
173108
173059
173057
171831
68915
171828
124669
124438
36430
138794
138792
111557
109131
118331
172408
172365
184097
82250
138793
173096
138790
82250
172049
171267
173216
138787
138795
177661
172232
184807
172406
173247
180317
168313
109217
171276
181468
171418
173249
173033
173035
180457
168586
172094
172097
173162
173160
173163
173069
173069
173087
173078
173078
168586
137686
152875
171840
178217
171828
171416
140587
171416
171831
178545
172230
168586
168589
179992
172055
171840
171828
172045
171832
173110
173037
173108
172920
172094
173035
173126
173122
172232
172414
173032
173033
169701
172363
173160
172041
171276
173069
172361
173087
181468
172411
172364
172362
172412
172410
172315
71952
71952
71952
71952
71636
175069
162515
173859
153597
171441
176966
179319
176797
176763
175546
172232
172044
173172
173173
171437
172407
168583
172439
173204
172089
171278
172045
172368
172414
172094
179315
179314
39690
184480
172092
184480
184480
184480
184480
184480
184480
184480
169701
184480
172438
172068
171290
172934
173049
173036
171832
172089
171831
172092
172053
177061
172054
171276
173034
173202
172936
173109
172437
172937
172046
171349
60853
172411
173173
171437
173214
177661
172232
172363
177716
173219
173219
173219
172366
171446
171446
172416
173078
172415
172364
173049
172406
171443
173131
184807
173096
173096
173096
173087
173087
173087
173078
173078
173069
173069
173069
177661
177660
172419
172416
172415
172412
172411
172410
172408
172406
172368
172366
172365
172364
172363
172362
172361
173067
181468
172363
172368
172364
172416
172366
171275
172419
171351
172406
177716
172415
173049
172040
172361
172413
172408
171286
171352
177661
172412
172410
173160
173163
172041
50444
47626
47631
47632
47628
47627
47629
82800
82800
33154
33154
33154
21309
21309
21309
21309
154706
128650
128310
14155
82800
154166
118378
82800
82800
154167
17709
17709
17709
109133
65891
154707
109124
118472
18662
128316
128316
128316
128316
21301
21301
21301
127748
127748
4500
116261
116261
43661
128650
128310
128310
158381
154881
154885
82243
59525
94081
82253
79011
82243
79010
765
127856
72235
82278
82278
82276
113588
36906
36905
115504
36903
67275
82250
82245
153647
36901
180055
2449
154887
154885
2447
152505
128304
109129
92426
109127
109128
109125
109124
9305
9304
171828
9303
7561
6057
6053
6053
27686
18650
12958
60216
48126
4401
4401
4401
4401
4401
52986
82800
82800
111557
171828
111557
171418
171418
171418
171418
137188
184782
168649
168583
169701
109693
74250
111245
113588
171416
183010
183031
86281
82800
82800
82800
177781
82800
176771
176793
86284
177804
177797
82800
82800
176985
82800
82800
82800
180865
180865
82800
82800
34498
171841
82800
153647
82800
176793
172230
86283
86382
82800
82800
176984
172058
177786
82800
82800
82800
82800
82800
177809
172055
50453
152550
176802
177798
82800
178786
82800
82800
64670
180487
82800
82800
153512
175559
82800
82800
176974
82800
153487
175565
176802
82800
177800
172437
172438
172439
173127
173129
172368
172361
180445
172357
173099
169701
173204
162027
171840
172230
171828
173058
172319
178927
178927
171437
171415
171415
137188
171418
171418
171418
171419
172316
37890
87216
171437
173216
171413
171413
172321
172321
171419
171419
173217
171415
171415
171415
171415
178926
172324
172324
172324
172324
171351
171274
173220
172325
172325
172314
173037
21882
80587
170554
169701
168589
173032
173034
1468
154898
179314
171840
4337
2592
171315
171831
173109
173108
173110
173204
171841
52078
23438
172314
172318
172316
171266
171270
172053
172055
179314
172052
171832
171831
171828
168586
170554
169701
168589
172230
171840
171315
152506
171841
173204
171414
177716
173244
171414
172419
172406
172315
172320
172322
172322
172317
177962
7972
71635
7077
7075
24246
177061
71716
152511
152509
37703
7068
71715
82800
152495
105898
173859
173242
82800
172315
87216
173192
71638
171315
82800
32227
30183
32229
32249
173204
172053
173036
172408
172415
179315
172055
172094
172054
173035
173034
173032
172092
172089
172367
171441
173243
173243
82800
82800
82800
172439
159788
171270
172438
173036
79538
87277
118427
173204
171315
172052
171841
171840
171273
171270
172042
183017
172368
172365
82800
82800
161344
15996
82800
82800
82800
8501
138787
138793
82800
138792
138790
82800
82800
138795
138794
82800
82800
82800
82800
10360
10360
29903
29903
29903
29903
29903
29958
82800
52388
11023
11023
11023
11023
11023
11023
10360
10360
10360
10360
72145
82800
138791
142265
82800
82800
82800
36863
118675
82800
82800
82800
108635
82800
82800
82800
82800
82800
82800
82800
82800
94190
82800
63269
173204
172368
82800
82800
35187
173077
82800
82800
82800
82800
82800
170554
82800
82800
82800
82800
82800
82800
82800
71638
71638
71638
71638
82800
87409
87409
87409
86297
86297
86297
86380
86380
87408
14178
14186
14803
14297
87411
14297
87411
178787
15431
15431
15431
15431
15431
15431
94101
14187
14187
14187
15528
14400
14400
86284
14185
14755
14755
94032
14379
14402
14402
14402
14402
14402
14453
14453
14854
14854
14854
14854
14854
87410
14551
14806
14192
90589
15518
15518
94030
94030
13041
14181
15127
15127
94085
14377
15545
15545
15545
15520
15523
94215
94031
94080
14195
2245
15973
2243
87465
13044
141584
14288
14288
14288
152550
14573
14573
14573
15120
94086
94086
14856
14188
15655
94043
34068
115504
178787
168185
154165
168215
141446
124444
172360
183952
124105
168217
171271
184090
82800
124104
6347
110292
167738
158380
109184
160059
168302
168645
158378
3678
21877
43007
29425
22447
32229
171437
32231
32897
153051
74844
152546
14180
14970
14970
14970
82800
14970
14919
14919
15123
15123
15338
15338
15338
82800
52177
14182
15527
15257
15527
15527
15527
15521
40195
15521
14920
15535
15535
15535
173033
14754
14754
15254
163573
109127
173036
15342
15342
15532
15532
14966
14966
15255
14966
14966
15642
15642
14896
15529
15529
1639
15640
168193
15640
15121
15121
15537
14971
36633
15547
15547
15547
10159
36635
14378
14378
14378
94033
10148
14184
14184
14184
142335
140752
15522
15522
25023
121001
15126
14805
14805
158189
14928
10106
14928
14928
14928
8827
14928
14928
14928
171417
14798
14798
14974
14974
14924
14924
8256
14924
14924
14924
24479
14924
14924
94076
15646
15646
14369
14750
14752
14752
15125
14380
14372
14372
15334
14133
10119
14859
14859
15525
14369
10164
168650
9782
114931
173049
10128
9943
25295
170554
8265
113264
6580
168649
6569
10065
10387
152541
8270
151567
10386
14047
171417
171417
127835
14047
2453
4338
163782
4337
818
785
133557
4306
8839
21881
14227
14047
2770
2589
179270
11754
10285
2772
2452
3857
172054
8838
13463
7911
176811
7909
3858
152503
173033
159206
141589
14802
172089
14802
14802
14802
14802
14158
15655
15655
15655
15655
15655
15655
15655
15655
940
14968
14968
14968
14968
14968
14968
171841
14968
14968
15343
15343
72146
14967
14967
8190
8190
14573
14501
15511
15511
14580
14580
15311
159191
14806
14806
14806
15989
171840
15989
15989
15341
15341
14578
159196
14799
14799
14799
14799
14799
14297
171828
14297
14297
14297
14928
90571
22388
14288
14288
14288
14570
14570
82051
1973
159214
159214
159214
14510
14798
14798
14744
14582
12698
94213
14805
14805
14805
14549
9426
36411
14972
173037
14972
14966
14966
94080
94079
15891
15891
153490
173034
172094
172055
168216
173110
171833
171833
173218
173219
173033
173036
152506
171428
173171
12363
173170
12360
173130
152507
159786
179315
171269
124439
151565
151564
168303
154722
168649
128304
178927
124437
171270
171270
171831
36916
12359
12360
41163
12363
10620
23445
52186
21884
37700
37701
37705
41508
171828
171841
173204
171833
152510
171273
171273
21841
21841
21841
21841
21841
21841
21841
21841
21841
21841
21841
21841
152541
153704
154120
172230
154121
154899
11291
153702
153700
154722
154165
154122
154124
168649
162515
152542
154898
171276
173204
169701
184479
184479
184479
171271
171266
171276
171828
168498
171275
171828
171414
171828
168652
171828
183823
176811
171276
184479
184479
172250
171828
171288
172258
171287
173220
173219
172263
92426
171289
171290
171292
171273
171273
74850
55855
7288
74846
4338
36539
30282
82074
13123
43013
79335
45468
12684
37921
37587
71636
69800
71635
29425
71715
71715
36901
152496
32753
172089
4389
110609
163223
179315
179314
172055
172092
172094
172096
172054
172049
172411
172364
152549
172413
172414
172363
172407
172412
173244
173247
173249
173242
173245
5784
173243
5471
36903
173248
173242
178927
3292
72095
153442
163222
173243
173247
173242
173244
818
173243
2589
173243
2592
173243
173219
173214
2587
173220
173218
54449
172364
159467
177793
159464
172363
179334
172361
176992
177779
173248
173249
179333
177778
102351
74866
27435
168217
159825
82800
152576
173242
173242
173242
30810
154167
172230
168589
108996
172439
171419
171419
173242
173242
173242
173242
171315
169701
168586
168589
173215
173215
14476
51950
183971
23447
171416
171438
176776
177785
175554
177769
177784
177810
179333
175563
173222
172089
172089
172089
172089
172096
172094
172055
179315
172054
172316
172314
172320
173214
173214
173214
173214
173214
173218
173218
171828
173034
171419
171419
172324
172324
173215
172055
152512
173204
172054
172089
171833
172321
171276
120150
152507
22448
172089
109129
74249
173123
10620
53010
14047
109125
4306
152510
172920
184308
33470
152507
118332
74249
4338
4306
21877
41510
72988
41511
118333
118339
172323
172323
172323
172323
172323
172323
172323
172323
172323
172323
172323
172323
172323
172323
172323
172323
172323
82800
79011
72120
18562
72096
152507
74249
4306
21877
72988
72238
172231
76696
33470
168216
76694
76674
76669
151566
76651
168215
111455
111447
111442
111439
111437
76734
76142
76141
76137
76136
76135
76134
76133
76130
27677
183738
39774
27439
27438
27435
171428
27429
27437
27516
74249
27425
177660
33470
27422
21877
23424
21887
163569
159786
109693
160502
152576
14047
48124
127004
72988
168645
14047
33470
109693
4306
74249
182982
23446
7909
11754
12800
35627
36918
3864
36923
36932
11371
36920
36917
52186
23447
23573
23112
23445
35623
1529
12799
36926
3860
54849
12693
21884
3470
152543
36913
2842
7910
12359
10620
41163
52178
52325
72095
152576
171412
171412
171412
171412
171412
171412
171412
171412
171412
171412
171412
171412
171412
171412
171412
171413
176798
180795
176802
179332
173160
171413
172315
172314
172049
37663
23628
183017
29730
52325
67098
82800
164334
22574
82800
22557
21884
82800
23426
171413
171833
146989
173204
173202
67098
22575
21886
173204
172089
172092
172094
172096
171828
171840
171832
171833
179314
171413
171413
171413
171413
173162
171413
171413
171413
171413
173161
173160
173163
171417
171417
171417
171417
171417
172055
172053
179315
173036
173034
173033
173037
86843
87452
82200
4051
82231
7465
82204
90724
173032
82274
4661
82058
82197
82015
87457
172094
172232
172230
151576
151576
173035
171829
168583
74839
74834
179314
82800
79101
172096
72093
172054
172094
74837
72092
74841
173078
74847
172092
6657
72103
172097
72120
173069
74838
172316
74833
2595
102541
102543
81415
172316
172052
124669
124671
162665
182982
72145
172318
172319
172319
172319
172319
172319
172319
172317
172319
172319
172319
172319
183035
171416
171412
178926
173202
171413
171829
171412
171828
178927
173032
173036
173034
169701
171267
171442
173146
173144
173147
173147
173133
173132
171449
171449
178926
178926
178926
171445
171412
171444
171443
171275
171266
171349
65891
172327
182990
166744
152878
152878
152878
152878
152878
172232
172230
181468
173035
179314
172055
172048
172316
173202
173241
173204
169701
173243
173242
36157
14178
94082
14180
15126
15337
14320
15439
14574
14979
94093
14402
94092
14312
15184
14296
15531
15345
14562
94065
15333
15539
15528
14446
15348
94058
14332
15532
7330
3302
94049
14187
6598
15655
15389
14815
14199
14300
15132
15311
15187
15118
14975
94060
94040
14378
15538
94074
6569
14811
10288
14195
94218
15527
14289
94066
14668
14464
14321
14662
6397
13023
15136
14797
15240
14861
15338
14372
94079
14188
14570
38984
41251
41249
38964
38961
41250
38974
14728
23503
23503
23503
23503
23503
23489
23494
31166
31211
3719
3719
3719
3719
3719
3719
3719
3719
3719
3719
3719
3719
3719
3719
3719
3719
3719
3719
3719
3719
172315
7113
13006
5267
8492
8492
12827
142337
142337
14471
20555
20555
20555
30305
30305
6348
172097
72104
82252
36036
173202
172096
171445
82250
172092
171828
94214
172052
36707
172055
179315
172054
171840
172230
172231
82267
171415
171417
171413
171413
183035
171413
171413
173133
172438
172097
173037
172437
171829
171263
171833
181468
171832
171830
178787
171828
172055
108996
173202
172439
173034
172054
183823
172052
133576
82800
82800
82800
17716
173043
173038
173038
171416
173042
82800
171416
182653
82800
171414
82800
172230
124108
82800
82800
82800
82800
171268
172094
55616
87457
158839
82293
102543
113912
132204
82256
107472
82280
112449
107469
4357
62135
62069
62067
62067
62067
82230
82230
82230
116923
106875
113911
55747
62066
116719
118061
8383
108978
71362
107603
55718
87512
82246
82246
62106
87424
67749
62070
62070
69237
62118
78887
61986
106338
6219
132199
158863
82262
62110
25411
25359
25409
62107
81414
82198
106870
82283
62134
5956
90655
71022
37093
21882
113909
161053
106329
171370
183823
173202
89112
173202
171830
171831
173249
168583
152812
22577
22575
22573
124107
172317
21887
168586
22250
22250
170554
22250
171833
171270
171270
171273
171273
171270
172053
171352
172319
82800
82800
171273
82800
82800
82800
173033
173036
82800
171273
171270
170554
169701
171828
173202
172439
173248
170554
170554
171273
172230
171285
111557
169701
169701
173035
82800
82800
82800
82800
82800
82800
82800
82800
82800
82800
82800
82800
82800
82800
82800
173034
82800
82800
82800
82800
82800
82800
82800
82800
82800
82800
82800
82800
82800
82800
82800
82800
82800
82800
82800
82800
82800
82800
82800
82800
82800
82800
82800
82800
82800
82800
82800
82800
82800
82800
82800
82800
82800
82800
82800
82800
82800
82800
82800
82800
82800
82800
82800
82800
82800
82800
82800
82800
82800
82800
82800
82800
82800
82800
82800
82800
82800
82800
82800
82800
82800
82800
82800
82800
82800
82800
82800
82800
82800
82800
82800
82800
82800
82800
82800
82800
82800
82800
82800
82800
172054
82800
82800
82800
82800
82800
82800
82800
82800
82800
82800
82800
82800
82800
82800
82800
82800
82800
172055
179314
179315
168583
12037
12206
17056
168586
82800
82800
177715
173032
177659
168586
171831
173109
173108
177660
82800
82800
82800
82800
82800
36862
20856
172052
173202
179314
172055
172054
172053
179315
171276
172416
177661
171267
173160
171270
171268
173163
173161
171352
173130
172413
177660
172412
177813
161897
161897
82800
177787
177808
82800
171830
177785
171829
171831
82800
153594
172053
177775
172052
153594
172054
172055
172231
82800
173032
173033
82800
173034
173035
109172
173037
173036
177795
179314
179315
173202
177789
74844
177812
74841
82441
72988
172094
172092
172052
173036
173033
172054
173032
173035
172055
179315
173034
154899
173202
184795
171829
173078
173078
173078
44413
95416
181468
109135
124120
152631
154898
3576
111670
153707
167738
177796
3823
177808
78883
118576
177805
71365
177778
154166
176769
176797
173141
175568
173126
163222
173043
173038
169333
152813
182690
169334
182690
87444
182690
109140
44922
182690
175554
108439
179319
164455
182690
182690
182690
179319
171448
177806
171414
176800
171444
161921
43334
177767
52183
21308
176789
109127
141333
182556
172362
182725
109125
177787
43551
172366
113588
161893
129032
177660
177660
171829
171267
168586
177789
171830
168589
171270
171268
168583
177768
161895
176974
177785
182725
179323
182690
182561
179332
71023
177715
177661
177783
172416
172361
172361
161896
177806
172363
172364
172411
164344
172410
172412
82800
171276
183738
172418
69975
171444
171444
86272
152543
12713
171448
171448
68787
109139
124110
17706
86279
172408
127759
168592
172365
173099
173099
173099
118333
173099
173099
124111
173099
124107
152496
173103
142336
163222
173103
173103
173103
152503
2842
173103
177661
173103
3575
172412
173102
172411
172410
172364
173101
152579
172363
172092
152512
173081
171832
173081
173081
173083
173083
171833
173083
173083
173083
52555
173086
173086
52719
173086
173093
152875
173089
173089
173089
173089
172366
173090
173090
153439
172361
153431
173070
173070
173075
171841
86382
171830
171840
171828
177962
3858
7912
173202
173108
173109
52183
172230
171833
52328
178944
168447
176800
106676
172040
172051
173171
171315
177962
173170
177659
172232
172231
172230
177809
172042
173202
172097
127848
127847
172327
124440
172043
173247
171270
172368
172370
177659
172419
173032
173036
173034
173247
173247
173247
82800
180794
82800
82800
172053
173034
171276
171273
171266
171349
173160
171275
82800
172413
154695
154695
154695
154695
154695
172407
82441
7912
74249
53010
52325
124115
124113
12800
151564
21877
21887
109693
124110
12363
14047
118378
118347
118347
118343
118197
118339
118344
110609
11370
12799
2592
2589
33470
172413
172366
172362
172361
171276
168589
168586
172097
172053
179315
172232
172230
172231
173204
173202
172366
6217
6217
6217
6217
6217
6217
6217
82800
128313
128313
128313
172370
82800
82800
82800
4335
151772
22277
9305
6325
172362
6329
6349
104224
104227
30308
6053
30323
32749
32753
30283
14627
17724
5784
44413
6217
6217
6217
6217
6217
6217
172322
172322
7290
7114
172321
172314
7613
6272
65891
6401
6275
